1	-0.024786987
2	-0.009928515
3	-0.021259527
4	-0.022131107
5	0.015507082
6	-0.014857573
7	-0.005027273
8	0.008421095
9	0.009603298
10	0.001240653
11	0.019413508
12	0.02471641
13	0.004744919
14	0.027941795
15	0.025267993
16	-0.002613966
17	-0.024335456
18	0.019953992
19	-0.00451471
20	0.003401361
21	0.016949191
22	-0.042592593
23	0.023984487
24	-0.001511107
25	-0.013620885
26	0.044111968
27	-0.008449633
28	-0.002223046
29	-0.047159302
30	-0.008573617
31	0.034198033
32	-0.032687116
33	-0.003536346
34	0.068611945
35	-0.001845055
36	0.018853975
37	-0.020319268
38	-0.002222185
39	-0.01299187
40	-0.052275254
41	0.025396785
42	-0.012383901
43	-0.008620729
44	-0.015414981
45	-0.005218747
46	-0.004842655
47	-0.000405515
48	0.027991886
49	-0.002762431
50	-0.013454689
51	-0.013237064
52	-0.011382114
53	0.006167722
54	0.009399347
55	0.000809636
56	-0.001618083
57	0.023095624
58	0.026534653
59	-0.016975309
60	-0.001962323
61	-0.012976799
62	0.005179283
63	-0.017043242
64	0.002822661
65	0.026940087
66	-0.039937391
67	0.040783034
68	0.003918534
69	0.016003122
70	-0.002689281
71	0.040061673
72	0.018888889
73	0.110868739
74	0.015706872
75	-0.002577384
76	-0.008720866
77	0.001303324
78	-0.009111585
79	0.012151034
80	-0.027903991
81	0.005340521
82	0.002656042
83	-0.005960298
84	-0.014323784
85	-0.008110848
86	0.022146508
87	0.011666667
88	0.009555157
89	-0.004242787
90	0.001638774
91	-0.009162239
92	0.02113603
93	-0.028460511
94	-0.026631191
95	0.042065629
96	0.002953725
97	-0.021269601
98	0.029755901
99	0.022077955
100	-0.054955527
101	0.010420134
102	-0.000997937
103	0.039626972
104	0.006406182
105	-0.033736442
106	-0.02075102
107	-0.014463539
108	0.039590445
109	0.017071603
110	0.004519077
111	0.017994826
112	0.021148927
113	0.007727976
114	-0.008588896
115	-0.013923236
116	0.011295858
117	0.00403354
118	0.093943168
119	-0.008474689
120	0.001709459
121	0.011376593
122	0.009561333
123	-0.034261948
124	0.009518374
125	0.007999971
126	0.011054394
127	-0.016260107
128	-0.001139954
129	-0.01340933
130	-0.013013331
131	0.030471637
132	0.009098778
133	-0.002254212
134	-0.01073146
135	-0.000570968
136	0.04027421
137	0.055189514
138	0.006245069
139	-0.009826662
140	-0.025594149
141	0.002412249
142	0.003743289
143	-0.011720911
144	-0.012937979
145	0.011742218
146	0.012685587
147	0.032782516
148	0.001548413
149	0.007729966
150	-0.006392227
151	0.003345368
152	0.0128238
153	0.000253178
154	-0.006076
155	0.005603719
156	-0.002026292
157	0.004060888
158	-0.027553083
159	0.01871583
160	-0.02373057
161	-0.010977471
162	0.00264268
163	-0.011333711
164	-0.002132711
165	-0.0152284
166	0.004611991
167	-0.029435594
168	-0.001669393
169	0.020345596
170	-0.024583501
171	0.015401821
172	-0.029784833
173	0.005116572
174	0.011029383
175	0.002237818
176	0.028746831
177	0.031470401
178	-0.031825329
179	-0.005433306
180	-0.074569788
181	-0.045454574
182	-0.044526902
183	-0.034951456
184	0.005030148
185	0.052052121
186	0.010783381
187	-0.000627581
188	-0.006279435
189	-0.038230616
190	-0.022667575
191	0.03092437
192	0.045647212
193	0.0046773
194	-0.012725077
195	0.001571896
196	0.00408032
197	0.020318818
198	-0.002450919
199	-0.013206388
200	-0.028633737
201	-0.009932682
202	-0.02394822
203	-0.004310312
204	0.007991974
205	-0.003633961
206	0.005636605
207	0.046158919
208	0.001575827
209	-0.008181277
210	0.087246193
211	-0.009921214
212	0.038019481
213	-0.029812691
214	0.003219228
215	0.06009338
216	0.01100721
217	-0.007621203
218	0.002742787
219	-0.028719994
220	-0.019994341
221	0.009770115
222	-0.001138332
223	-0.001139516
224	0.014546463
225	-0.014056789
226	-0.005417707
227	-0.027523021
228	-0.007370283
229	-0.031185003
230	-0.003985193
231	0.004308987
232	-0.010419859
233	-0.006813286
234	-0.018397256
235	0.000952986
236	0.010472866
237	0.010050251
238	-0.052238806
239	-0.026574803
240	-0.009100101
241	-0.07210881
242	0.215175982
243	-0.007541478
244	0.006990851
245	-0.001811078
246	-0.003326308
247	-0.019720814
248	-0.034354688
249	-0.013782083
250	0.002924959
251	0.059624107
252	-0.028746207
253	0.056045372
254	0.005664848
255	0.033204803
256	0.136872346
257	0.033568956
258	0.011477338
259	-0.002414244
260	-0.004598233
261	0.029418891
262	-0.008030231
263	-0.015476238
264	0.019588925
265	0.025142339
266	-0.019204118
267	-0.01792871
268	-0.012490992
269	0.038190196
270	0.013120947
271	-0.010407053
272	0.01425569
273	0.013824838
274	0.011136409
275	0.002921937
276	0.003585836
277	0.007816034
278	0.00952803
279	-0.002414399
280	0.002200176
281	-0.001756268
282	-0.003078931
283	-0.00397088
284	-0.001771916
285	0.007100044
286	0.00308438
287	-0.013397782
288	-0.020480811
289	0.016590909
290	0.002012072
291	0.097724253
292	0.009959309
293	-0.005836124
294	-0.017813805
295	0.004534254
296	-0.014772301
297	-0.011037026
298	-0.00336913
299	-0.002112867
300	0.031335994
301	-0.009443626
302	0.00538856
303	-0.010100969
304	0.011037047
305	0.00823897
306	0.02328905
307	-0.001996367
308	-0.01180236
309	-0.021862388
310	0.012831105
311	-0.000408684
312	0.006336918
313	-0.008125086
314	0.001843047
315	0.014309097
316	-0.001612213
317	0.026645135
318	0.038733798
319	-0.047700187
320	0.000795011
321	-0.00794433
322	-0.029429449
323	0.001031333
324	0.000206099
325	-0.015451174
326	0.016739882
327	0.003704466
328	0.014353106
329	0.015362826
330	-0.000796357
331	-0.026100778
332	0.015957426
333	-0.047724507
334	0.009092831
335	-0.012992519
336	0.013163546
337	-0.005448491
338	-0.003160514
339	0
340	0.002113697
341	0.008226092
342	0.006694561
343	0.010598546
344	0.001233765
345	0.000821544
346	-0.004719885
347	-0.017938124
348	-0.030653012
349	-0.001949231
350	0.003906163
351	-0.015348012
352	-0.003073524
353	0.004404338
354	0.00306948
355	0.008961749
356	-0.013431521
357	-0.003074198
358	-0.009030837
359	0.026227961
360	-0.01234568
361	0.017324584
362	0.00280235
363	0.013972442
364	-0.013991945
365	0.002580155
366	0.028093459
367	0.043596163
368	0.020187928
369	0.137343218
370	-0.008440965
371	-0.017720639
372	-0.002829855
373	-0.015431057
374	-0.010628716
375	-0.003459541
376	0.022108515
377	0.026456901
378	-0.018112104
379	-0.021106811
380	0.009603225
381	0.03463749
382	-0.004510026
383	0.012371476
384	-0.026505973
385	-0.02722774
386	-0.000181788
387	0.050172734
388	0.019733426
389	0.013410304
390	0.005527605
391	0.026819924
392	-0.005353634
393	0.010275616
394	-0.027445867
395	0.001659993
396	-0.001657242
397	-0.025564425
398	0.003577496
399	0.021218808
400	-0.010305834
401	0.009741317
402	0.006819694
403	0.005286618
404	-0.02267867
405	0.032957776
406	0.001953427
407	0.022095874
408	-0.028612287
409	-0.000818197
410	-0.012774353
411	0.023390843
412	-0.007456622
413	0.016168561
414	-0.022500819
415	-0.000164403
416	-0.004275645
417	-0.008918266
418	-0.017163773
419	0.006273279
420	-0.009941028
421	-0.028080277
422	0.015408877
423	-0.013450646
424	0.056109055
425	0.035749819
426	-0.012304266
427	0.015207879
428	-0.038406375
429	0.021213109
430	0.027913032
431	0.062993401
432	-0.06683499
433	-0.0052523
434	0.021919984
435	0.004853625
436	-0.014490495
437	-0.03462449
438	0.100065459
439	-0.008039318
440	-0.012606874
441	-0.018847819
442	-0.038419874
443	0.006283213
444	-0.011847551
445	0.012961746
446	-0.015674968
447	-0.000812463
448	0.003577769
449	-0.014260201
450	0.001150748
451	-0.020525451
452	-0.02799668
453	0.002414608
454	-0.00705437
455	-0.013689153
456	-0.014933205
457	-0.002675263
458	0.018061553
459	0.021956789
460	-0.002234462
461	-0.000344531
462	0.00379116
463	-0.003261785
464	0.00189454
465	-0.013924652
466	-0.027196687
467	0.013261685
468	-0.006897754
469	-0.006589546
470	-0.0026891
471	-0.002336887
472	-0.026846883
473	0.005554583
474	0.019885803
475	0.027261293
476	0.003690668
477	0.015759009
478	-0.001206671
479	-0.010355523
480	-0.014998256
481	-0.014164306
482	0.060344846
483	0.019308926
484	-0.00448654
485	0.000333834
486	0.013515802
487	0.006914685
488	0.003760612
489	-0.016615084
490	0.007619728
491	0.004602975
492	0.01080018
493	0.203173061
494	-0.012378875
495	0.006267016
496	-0.013809978
497	0.005079668
498	-0.011473788
499	0.011330648
500	-0.012433433
501	-0.002628708
502	-0.042585645
503	0.015647654
504	0.019828817
505	0.017065338
506	0.0052262
507	-0.061567933
508	0.017057969
509	-0.137184672
510	-0.015451088
511	0.003881269
512	-0.005883392
513	0.002029067
514	-0.009787344
515	0.025732771
516	0.013623509
517	-0.001639043
518	-0.023641422
519	-0.002354111
520	-0.000337114
521	-0.00657567
522	0.001866955
523	0.017109978
524	-0.045636275
525	-0.0300174
526	0.010795214
527	-0.003026023
528	-0.025174077
529	0.01630044
530	0.022886934
531	-0.013742037
532	-0.037156091
533	0.050092688
534	0.007067173
535	0.006315807
536	-0.011331973
537	-0.000705361
538	-0.011646374
539	0.019817908
540	-0.020833316
541	0.051850563
542	0.287778335
543	-0.013331599
544	-0.022608722
545	-0.008623022
546	-0.013530347
547	0.014975508
548	0.004964148
549	-0.01029089
550	0.012061598
551	-0.042465726
552	-0.015307582
553	-0.013221037
554	0.001619567
555	0.010877525
556	-0.003198982
557	0.004959825
558	0.01654812
559	-0.006711424
560	-0.022857922
561	0.013241165
562	-0.001742457
563	0.015999971
564	-0.003149621
565	-0.005744564
566	-0.007655727
567	-0.002183319
568	-0.020277154
569	0.030970725
570	-0.030906991
571	-0.006855425
572	-0.036614676
573	-0.005763162
574	-0.021463308
575	0.008165258
576	-0.042401174
577	-0.031177463
578	0.044847708
579	0.031127096
580	0.033524055
581	0.009992221
582	-0.042161296
583	-0.009216622
584	-0.001122678
585	-0.015574792
586	-0.006361164
587	0.042843091
588	-0.010860995
589	-0.029598982
590	-0.014103001
591	0.03725885
592	-0.008659413
593	0.008573245
594	0.020529319
595	-0.023730976
596	-0.023502882
597	-0.026046785
598	0.027081888
599	-0.004449572
600	-0.009270022
601	-0.00317457
602	0.010895089
603	-0.007295672
604	0.011692016
605	-0.009740796
606	0.01883963
607	0.008345573
608	-0.022070773
609	-0.009458995
610	-0.011559709
611	0.010169458
612	-0.02466438
613	-0.032513314
614	-0.035206329
615	0.042572836
616	-0.005833445
617	-0.019203449
618	0.021754913
619	0.001774273
620	0.021785335
621	-0.037268123
622	-0.038710874
623	-0.005057127
624	0.009036126
625	0.035820934
626	-0.05061241
627	0.028457599
628	-0.015126361
629	0.005431748
630	-0.012108811
631	-0.034885895
632	-0.009183294
633	0.001972037
634	-0.031686675
635	0.059552844
636	0.023786648
637	0.025107739
638	-0.006214586
639	-0.000367868
640	-0.000183956
641	0.017298473
642	-0.023335691
643	0.003519133
644	-0.025655205
645	0.013449498
646	-0.015887813
647	0.015194662
648	0.008044902
649	-0.023385337
650	-0.001710376
651	-0.004188045
652	0.010323016
653	-0.003027417
654	-0.02903775
655	-0.125879574
656	0.015652884
657	-0.004183135
658	0.001326575
659	-0.019651115
660	-0.020945968
661	0.029445571
662	-0.010726257
663	0.023944025
664	0.013898014
665	-0.005221889
666	0.015091841
667	-0.014221073
668	-0.010928962
669	-0.006408862
670	0.00845198
671	-0.016100551
672	0.002465815
673	-0.014982155
674	-0.00681042
675	0.004342834
676	-0.017978994
677	0.003476176
678	-0.007852194
679	-0.013268157
680	-0.00990795
681	-0.022158684
682	-0.004629703
683	-0.18066089
684	0.008664386
685	-0.03495249
686	0.00092078
687	-0.013186169
688	-0.011497856
689	0.007859227
690	-0.006238303
691	0.00784683
692	-0.020865773
693	0.011450318
694	0.08050321
695	0.006111729
696	0.004339051
697	-0.021313392
698	-0.02295465
699	0.00873497
700	0.00179149
701	0.013114844
702	-0.003824684
703	0.023035971
704	0.000577396
705	-0.006058829
706	-0.011901306
707	-0.003525352
708	-0.012087265
709	0.020889318
710	0.014030986
711	-0.033727271
712	-0.02326963
713	-0.001221778
714	-0.029969479
715	0.010088336
716	-0.006242228
717	0.014761338
718	-0.02383163
719	0.064045654
720	-0.016388647
721	-0.033020238
722	-0.017230545
723	-0.016576378
724	-0.003889789
725	0.002277872
726	-0.027922014
727	-0.004342084
728	0.030862161
729	0.022128213
730	-0.005093919
731	-0.00224
732	-0.00769721
733	0.016806658
734	0.003496535
735	-0.012670257
736	-0.020853385
737	0.02948886
738	-0.035646117
739	-0.013531354
740	-0.020408097
741	0.005806011
742	0.001018642
743	-0.030529172
744	0.010496816
745	0.003462639
746	-0.002070393
747	-0.094398306
748	-0.028255058
749	-0.013359528
750	-0.005973795
751	0.000400641
752	-0.005606688
753	0.003221909
754	0.013649137
755	0.001188158
756	0.009493631
757	0.00862069
758	-0.003885043
759	-0.005070164
760	0.009408075
761	-0.013592233
762	0.00551185
763	0.059122864
764	0.041404844
765	-0.004969791
766	0.022119122
767	0.005235567
768	-0.000347153
769	0.007641507
770	-0.034470872
771	-0.007854302
772	0.000719611
773	-0.008270371
774	0.014865845
775	0.002500857
776	-0.031717713
777	0.02208318
778	0.015484372
779	-0.006737624
780	0.00963945
781	0.003889604
782	-0.014089433
783	0.003572705
784	-0.010679922
785	0.005397625
786	0.012526843
787	-0.002474443
788	0.001063111
789	0.003539823
790	-0.019400388
791	-0.008273346
792	0.010155967
793	0.012208294
794	-0.000709507
795	-0.037628647
796	-0.028402839
797	-0.022399393
798	-0.030291301
799	-0.032438888
800	-0.005794702
801	-0.002914197
802	-0.001252651
803	0.017558528
804	-0.034921939
805	-0.01106854
806	-0.019371459
807	0.00965755
808	0.036521739
809	0.02558729
810	-0.016359999
811	-0.033679794
812	0.001290878
813	0.002578427
814	-0.011144449
815	-0.00173381
816	0.017368605
817	0.030729834
818	0.015320911
819	0.026508972
820	0.001589154
821	-0.009123324
822	0.027622098
823	-0.01753023
824	-0.029738304
825	-0.051491624
826	0.002585136
827	0.05070911
828	-0.033128915
829	0.038917091
830	-0.01140057
831	-0.014827059
832	-0.00083612
833	-0.041422594
834	0.006110825
835	0.015618265
836	-0.017941051
837	0.037842584
838	-0.012154274
839	0.024607552
840	-0.022360207
841	-0.025836551
842	0.026956565
843	0.061388609
844	0.023534105
845	0.035463757
846	-0.017312721
847	-0.007659938
848	0.020841413
849	0.028355386
850	0.069485255
851	-0.020625645
852	0.037206002
853	0.030456922
854	-0.000656847
855	0.023660861
856	0.02953451
857	-0.010289991
858	0.028985507
859	-0.011022688
860	0.017956719
861	-0.031934336
862	0.01602262
863	0.000309153
864	-0.026275056
865	-0.019047619
866	0.00226534
867	0.004197643
868	-0.02379418
869	-0.019104084
870	-0.004701209
871	0.028677498
872	-0.012135093
873	-0.004980146
874	0.064397767
875	-0.030721003
876	0.020375129
877	0.031378828
878	-0.041180085
879	-0.056089742
880	-0.034295415
881	0.041139239
882	-0.001688686
883	0.045669859
884	0.021675833
885	0.001583249
886	-0.008536137
887	-0.014668399
888	0.0197411
889	0.003808283
890	-0.015175435
891	-0.021508828
892	0.026574836
893	0.004474241
894	0.024817022
895	-0.043464764
896	-0.011359948
897	-0.059422162
898	0.011867365
899	-0.001034874
900	0.030386776
901	-0.026809618
902	-0.038567526
903	-0.017550143
904	0.052861794
905	0.038434939
906	0.011337112
907	-0.001318793
908	0.033344271
909	-0.08338652
910	0.023004496
911	0.01362862
912	0.012437008
913	-0.006972145
914	0.008692745
915	0.010275108
916	-0.071194259
917	-0.036382834
918	0.013196407
919	0.025687447
920	0.051851852
921	-0.042253555
922	-0.006302521
923	-0.007047181
924	0.014194464
925	-0.040237929
926	-0.034633613
927	-0.039652568
928	0.002359418
929	0.041977207
930	-0.011295143
931	0.009520183
932	-0.004526631
933	0.018946571
934	0.011156639
935	-0.04928286
936	-0.054158569
937	-0.04580781
938	-0.018431204
939	0.040174672
940	-0.025188959
941	-0.006890612
942	-0.009106635
943	-0.017505427
944	-0.004008909
945	-0.02996422
946	0.014292254
947	0.001818227
948	-0.01814891
949	-0.01062842
950	0.022419383
951	-0.010507036
952	0.012927101
953	-0.048769369
954	-0.018208001
955	-0.00829673
956	0.070374016
957	0.005057517
958	0.008234217
959	0.015880126
960	0.027244351
961	0.03434787
962	-0.012190037
963	0.087234
964	0.005088102
965	-0.032320872
966	-0.010462777
967	0.009760065
968	0.002013653
969	-0.029340797
970	0.025258799
971	-0.036752827
972	-0.004192872
973	0.063157895
974	0.026534653
975	0.036651273
976	-0.005582508
977	0.098428185
978	0.010902896
979	-0.038085575
980	0.027330027
981	-0.037858151
982	0.015242822
983	0.082402272
984	-0.003871
985	-0.010038828
986	-0.087994799
987	-0.057747455
988	-0.01294252
989	0.027381373
990	0.045045084
991	-0.0050287
992	-0.086281658
993	-0.016199092
994	0.031726948
995	-0.039704202
996	-0.004458897
997	-0.010179154
998	0.142739701
999	-0.042116629
1000	0.117249112
1001	-0.010427178
1002	-0.030931339
1003	-0.034023115
1004	-0.007988417
1005	0.0215959
1006	-0.055535614
1007	-0.028072837
1008	-0.020296681
1009	-0.06812753
1010	0.110731129
1011	0.058891455
1012	-0.006906579
1013	0.066251794
1014	-0.011328528
1015	-0.015972188
1016	0.024347248
1017	0.09679638
1018	0.031093028
1019	0.009747182
1020	0.023227631
1021	-0.032134318
1022	0.024672463
1023	-0.043400685
1024	-0.005904288
1025	-0.02031885
1026	0.022973867
1027	0.004366812
1028	-0.063664625
1029	0.0026534
1030	0.022825008
1031	0.048835705
1032	-0.023126735
1033	-0.006628819
1034	-0.058786084
1035	-0.038825184
1036	0.035475976
1037	0.031546811
1038	-0.068727392
1039	0.061087535
1040	0.039933479
1041	0.111680064
1042	0.042026451
1043	0.025138121
1044	-0.009431501
1045	-0.016322036
1046	-0.057522069
1047	-0.134683149
1048	-0.096303832
1049	0.087429644
1050	0.051414734
1051	0.083360653
1052	-0.011208695
1053	0.011642188
1054	-0.005148455
1055	-0.007914704
1056	-0.046946947
1057	0.049581425
1058	0.007668712
1059	0.029832696
1060	-0.031924385
1061	-0.018625985
1062	-0.030491569
1063	-0.029845956
1064	0.029110189
1065	-0.015429186
1066	0.031341855
1067	-0.008547009
1068	-0.002234994
1069	0.03136
1070	0.038783742
1071	-0.049880556
1072	0.031436719
1073	0.032002437
1074	-0.00797404
1075	-0.031259274
1076	0.047940902
1077	-0.016715514
1078	0.012824337
1079	0.016490018
1080	-0.027809936
1081	0.013110816
1082	-0.024999941
1083	0.03378576
1084	0.038809396
1085	0.021910198
1086	0.036283671
1087	0.019098063
1088	-0.002342426
1089	0.002869736
1090	-0.015348622
1091	0.043857334
1092	0.002784131
1093	0.038364463
1094	0.020904254
1095	0.002142857
1096	0.042765479
1097	-0.00637954
1098	-0.046548933
1099	-0.008177008
1100	-0.004849685
1101	0.012670565
1102	0.014436934
1103	0.003320659
1104	-0.011583877
1105	-0.059794306
1106	0.052912693
1107	0.015221092
1108	0.025701999
1109	-0.06125288
1110	-0.030400371
1111	-0.004588351
1112	0.011523713
1113	-0.002278481
1114	0.003552372
1115	0.007332516
1116	0.001506074
1117	0.021052631
1118	-0.006872926
1119	0.008650569
1120	-0.014457241
1121	-0.012431626
1122	-0.017119838
1123	0.016393417
1124	0.028477848
1125	0.006370963
1126	0.004869735
1127	-0.010903804
1128	0.00832925
1129	0.044217687
1130	0.014658004
1131	0.00573263
1132	0.046055631
1133	0.01220571
1134	-0.032299742
1135	0.016466422
1136	-0.003502627
1137	0.014059754
1138	0.012131737
1139	-0.00385274
1140	-0.027503287
1141	-0.009058772
1142	-0.008249677
1143	-0.035521538
1144	0.142191089
1145	0.006530612
1146	-0.013584712
1147	0.014388406
1148	-0.047213741
1149	0.018290111
1150	-0.001879699
1151	0.012345679
1152	-0.028730859
1153	0
1154	0.053628344
1155	-0.004443486
1156	0.010144045
1157	0.028519742
1158	-0.007615681
1159	0.002361255
1160	0.033961504
1161	0.00968297
1162	-0.015231309
1163	-0.017567272
1164	0.019825073
1165	0.042119286
1166	0.011704462
1167	-0.008134508
1168	0.003462767
1169	0.021067926
1170	-0.015297047
1171	-0.03251445
1172	-0.042008961
1173	0.016955739
1174	-0.002299713
1175	0.011333096
1176	-0.003608794
1177	-0.012009093
1178	-0.003279992
1179	-0.022648045
1180	0.005743652
1181	0.017526566
1182	0.013160442
1183	-0.009169036
1184	-0.008097128
1185	-0.003692964
1186	0.021459287
1187	0.024255156
1188	0.169308183
1189	0.016903221
1190	0.026501474
1191	0.057134098
1192	-0.009248541
1193	-0.016190213
1194	-0.012008866
1195	0.008703512
1196	-0.001636418
1197	0.008642542
1198	-0.005761545
1199	-0.020951024
1200	0.002731841
1201	0.008173165
1202	0.00345286
1203	0.001047397
1204	0.015692646
1205	-0.016774559
1206	-0.007033852
1207	0.013715208
1208	0.00460895
1209	-0.012135563
1210	0.009138592
1211	0.002375237
1212	0.044431282
1213	0.021696059
1214	-0.020124982
1215	-0.028328613
1216	-0.009037828
1217	-0.005442806
1218	0.003993433
1219	-0.00014723
1220	-0.016060173
1221	-0.023959255
1222	-0.000920482
1223	-0.030558997
1224	0.020909171
1225	-0.092319585
1226	0.002564137
1227	-0.005285626
1228	-0.011312993
1229	-0.024098457
1230	-0.020785255
1231	-0.023040657
1232	-0.006685163
1233	0.007851897
1234	0.003153441
1235	0.007026571
1236	0.018729361
1237	-0.017844232
1238	0.005505579
1239	-0.051834275
1240	-0.00981717
1241	-0.025855327
1242	0.023548194
1243	-0.007018931
1244	0.007264854
1245	-0.000584776
1246	0.002535635
1247	-0.023346322
1248	-0.029083645
1249	0.027492818
1250	0.058306667
1251	0.048301906
1252	0.01799856
1253	-0.012376237
1254	-0.022198388
1255	-0.038264373
1256	0.019988635
1257	-0.023889566
1258	-0.000764837
1259	0.006123307
1260	0.029859261
1261	-0.034349048
1262	0.022948957
1263	0.014956047
1264	0.013446288
1265	-0.031079589
1266	-0.027199399
1267	0.012726552
1268	-0.030845354
1269	-0.021807484
1270	0.011849769
1271	0.004366753
1272	0.011857767
1273	0.010742168
1274	-0.017391343
1275	0.025172135
1276	-0.040092077
1277	-0.026378896
1278	0.013957327
1279	0.015789433
1280	0.088082862
1281	0.034798573
1282	-0.033274354
1283	0.012449652
1284	-0.031826366
1285	0.046133675
1286	0.009284075
1287	-0.045639449
1288	0.028174235
1289	-0.002163386
1290	0.036314419
1291	0.009937221
1292	0.005178664
1293	0.025588202
1294	-0.02361018
1295	-0.029326067
1296	0.002826855
1297	0.035588461
1298	0.017523001
1299	0.152984415
1300	0.038138008
1301	-0.013549281
1302	-0.006230572
1303	0.050584255
1304	0.004068846
1305	-0.005403242
1306	-0.037892179
1307	-0.005364159
1308	0.016321346
1309	0.019829605
1310	0.035601781
1311	-0.045616781
1312	-0.018010571
1313	-0.053893893
1314	0.023113675
1315	-0.024923466
1316	-0.02660686
1317	0.048372142
1318	0.010692882
1319	-0.002608696
1320	-0.023975618
1321	-0.015631905
1322	-0.006049637
1323	0.005325609
1324	-0.077342228
1325	-0.001968488
1326	-0.002136769
1327	-0.011200791
1328	0.01415962
1329	0.061760807
1330	0.006497509
1331	-0.007070397
1332	0.030340558
1333	-0.002554072
1334	0.020936888
1335	0.021097669
1336	-0.004045644
1337	0.006963644
1338	0.006050972
1339	-0.051267391
1340	-0.029735864
1341	-0.023646562
1342	-0.040152901
1343	0.020252274
1344	-0.017084266
1345	0.068366181
1346	0.057018902
1347	-0.01245966
1348	-0.029686803
1349	0.015297536
1350	0.041132965
1351	-0.058755385
1352	-0.008148816
1353	0.004805425
1354	0.028849151
1355	-0.023391887
1356	0.094272997
1357	0.018240537
1358	0.036792035
1359	-0.041733122
1360	0.052981971
1361	0.021338291
1362	-0.079958794
1363	0.019344058
1364	-0.086083635
1365	0.044237181
1366	0.028097924
1367	0.005185746
1368	0.053402146
1369	-0.030972917
1370	0.038109562
1371	-0.000131605
1372	-0.009606475
1373	0.065904848
1374	-0.012839678
1375	0.012249046
1376	-0.049151732
1377	0.07806346
1378	-0.025556749
1379	0.025602635
1380	0.008889369
1381	-0.00531073
1382	-0.038466276
1383	0.001009616
1384	-0.003025693
1385	-0.037177579
1386	0.009324915
1387	0.002862746
1388	0.007266083
1389	-0.090557765
1390	-0.005382394
1391	0.009398975
1392	0.007900748
1393	-0.018337136
1394	-0.000142507
1395	0.004278308
1396	0.017182605
1397	-0.01745079
1398	-0.004972975
1399	0.020134271
1400	0.003079535
1401	-0.010187049
1402	-0.017341083
1403	0.017934004
1404	0.01085277
1405	-0.029559439
1406	-0.024137932
1407	-0.003680801
1408	0.016698759
1409	0.003924375
1410	-0.00289557
1411	0.002032801
1412	0.010143414
1413	-0.026968828
1414	-0.012826227
1415	-0.018070475
1416	-0.015969627
1417	0.031993819
1418	-0.008836259
1419	-0.016772439
1420	-0.0247426
1421	-0.008036527
1422	-0.033836393
1423	-0.011673775
1424	-0.040758625
1425	-0.009885536
1426	-0.017165861
1427	0.009089253
1428	-0.017308372
1429	0.077282532
1430	-0.011845162
1431	-0.003883167
1432	-0.052372881
1433	0.044178161
1434	0.002055481
1435	-0.002564137
1436	0.013367661
1437	0.017080974
1438	0.041070869
1439	0.015652435
1440	-0.147507485
1441	-0.003689375
1442	0.071097947
1443	0.019533311
1444	-0.017802645
1445	0.025548075
1446	-0.000673304
1447	-0.015159138
1448	0.006157021
1449	-0.039775623
1450	0.006195751
1451	-0.008268842
1452	-0.007450736
1453	-0.011975013
1454	0.003617963
1455	-0.007570278
1456	-0.00163458
1457	-0.008913971
1458	-0.014500753
1459	-0.030545726
1460	-0.002881787
1461	0.007899788
1462	-0.003441025
1463	-0.006522156
1464	-0.014674686
1465	0.015481109
1466	-0.012157487
1467	-0.000781344
1468	0.000586471
1469	0.01836653
1470	-0.008058289
1471	-0.000967099
1472	-0.022071713
1473	-0.053058723
1474	-0.001254485
1475	0.011094808
1476	-0.014078675
1477	-0.016169698
1478	-0.001707535
1479	-0.00106904
1480	0.01369863
1481	0.006334438
1482	0.009441901
1483	-0.020369985
1484	-0.023127519
1485	0.011511707
1486	-0.01546064
1487	0.014830993
1488	-0.047711112
1489	0.011509794
1490	-0.045515417
1491	-0.012155236
1492	-0.009465145
1493	0.005733325
1494	0.023278006
1495	-0.021587743
1496	0.033451932
1497	0.024793342
1498	-0.006272357
1499	0.002028855
1500	0.032395905
1501	-0.103072545
1502	-0.001214747
1503	-0.018973461
1504	-0.001487776
1505	-0.001738242
1506	-0.026865721
1507	0.033486734
1508	-0.033143705
1509	-0.050908212
1510	-0.012668383
1511	0.000546028
1512	-0.030832249
1513	-0.025900957
1514	0.008381532
1515	0.053310434
1516	0.000544218
1517	-0.016861518
1518	-0.033471727
1519	0.002862107
1520	0.015125542
1521	0.014056789
1522	0.008594428
1523	-0.004947773
1524	-0.022099419
1525	0.016101666
1526	-0.015012538
1527	-0.022015185
1528	0.005194805
1529	0.054263534
1530	0.027505419
1531	0.017757805
1532	-0.025000077
1533	-0.024305556
1534	-0.01231856
1535	-0.005266158
1536	0.026469797
1537	0.021715499
1538	-0.004782147
1539	-0.022156915
1540	-0.01283104
1541	-0.012168114
1542	0.021276567
1543	-0.031524068
1544	-0.0135863
1545	0.000573917
1546	-0.030398567
1547	0.020703844
1548	0.000289829
1549	-0.013904954
1550	-0.064923647
1551	0
1552	-0.01288093
1553	-0.003500987
1554	0.034493773
1555	-0.00216113
1556	-0.001237655
1557	-0.006815304
1558	-0.004054928
1559	0.010961447
1560	0.003097955
1561	-0.01760352
1562	-0.008802201
1563	0.005708785
1564	-0.052664713
1565	-0.034287649
1566	0
1567	0.00379183
1568	-0.005494574
1569	-0.018646375
1570	-0.04679803
1571	0.021779254
1572	-0.012644509
1573	0.003293085
1574	-0.005105726
1575	0.008797617
1576	0.046874964
1577	0.016660952
1578	0.006145374
1579	-0.002375263
1580	0.003401361
1581	0.014237288
1582	-0.015374365
1583	0.006449457
1584	-0.003035447
1585	-0.027740157
1586	0.058107168
1587	-0.052614305
1588	-0.007289101
1589	-0.012587413
1590	0.010269157
1591	0.007360638
1592	0.021572756
1593	0.004087159
1594	0.02510173
1595	-0.017207082
1596	0.006397239
1597	0.020742757
1598	0
1599	0.007210751
1600	0.02668399
1601	-0.037717846
1602	-0.005270092
1603	0.004966854
1604	-0.085008237
1605	-0.042851999
1606	-0.011662904
1607	0.031214313
1608	0.026208896
1609	-0.02014385
1610	-0.03267254
1611	-0.001518065
1612	-0.012922844
1613	0.035810591
1614	0.014869851
1615	-0.009890037
1616	0.010728782
1617	0.025256223
1618	0.003213138
1619	0.029181495
1620	-0.041839592
1621	-0.011548178
1622	-0.049653087
1623	-0.014598578
1624	0.002339142
1625	0.008168067
1626	-0.01736115
1627	0.013741697
1628	0.009295081
1629	0.012279356
1630	0.020091017
1631	-0.001486399
1632	-0.02865653
1633	0.028735632
1634	-0.003724395
1635	0.00635514
1636	-0.035661256
1637	-0.014637867
1638	0.040265872
1639	-0.014656219
1640	-0.0312738
1641	-0.006692913
1642	-0.067380063
1643	-0.021249468
1644	0.046026876
1645	0.018264882
1646	-0.042397104
1647	0.00595994
1648	0.032162507
1649	-0.057810539
1650	0.057876371
1651	0.007404402
1652	-0.089424296
1653	-0.040358701
1654	0.005607477
1655	-0.006970214
1656	-0.054749646
1657	-0.040099107
1658	-0.064466223
1659	0.038037543
1660	-0.005310674
1661	-0.010678003
1662	-0.021047058
1663	-0.003307553
1664	0.086283131
1665	0.008655805
1666	0.007571934
1667	-0.011021995
1668	-0.058763931
1669	0.050592034
1670	0.024077869
1671	0.062531266
1672	-0.008945433
1673	0.04560575
1674	-0.022716947
1675	-0.027894003
1676	-0.001912912
1677	0.035457593
1678	0.010643174
1679	-0.026556777
1680	-0.035277516
1681	-0.023890785
1682	-0.020479471
1683	0.016318153
1684	0.070245861
1685	-0.015471167
1686	-0.036190476
1687	-0.02173918
1688	0.004545455
1689	-0.071392663
1690	0.015701192
1691	-0.121002132
1692	0.087325652
1693	-0.052983826
1694	-0.011189576
1695	0.055985643
1696	0.001692047
1697	0.057432489
1698	-0.048455801
1699	-0.002798041
1700	0.000561167
1701	-0.094223219
1702	-0.002476718
1703	-0.01489764
1704	-0.037807183
1705	-0.036673215
1706	0.023793338
1707	-0.003320053
1708	0.008660893
1709	-0.007926024
1710	0.047270306
1711	-0.010807374
1712	0.055269923
1713	-0.021924543
1714	-0.059153117
1715	0.036399735
1716	-0.044699872
1717	0.00802139
1718	-0.045755968
1719	0.011118833
1720	-0.097594502
1721	0.057882711
1722	0.123830094
1723	0.00512492
1724	-0.045251753
1725	0.060080107
1726	0.006297229
1727	-0.052565707
1728	-0.002642008
1729	-0.046357616
1730	0.023611111
1731	0.121438331
1732	0.082879547
1733	0.041899441
1734	-0.003217158
1735	0.039806347
1736	-0.056389033
1737	0.011513213
1738	0.007588021
1739	0.023668693
1740	-0.012086284
1741	0.060106439
1742	0.031108831
1743	-0.055961025
1744	0.011855619
1745	0.028018392
1746	-0.010406392
1747	-0.049073563
1748	-0.089520748
1749	0.022556332
1750	0.002828054
1751	0.028764805
1752	0.018092105
1753	0.121163166
1754	-0.028338136
1755	0.013346515
1756	-0.024390244
1757	0.08999995
1758	0.04357803
1759	-0.08
1760	-0.068800764
1761	0.022062596
1762	-0.044176657
1763	0.072478935
1764	0.019588639
1765	0.029779107
1766	0.069962683
1767	-0.006974716
1768	-0.034240604
1769	0.170909091
1770	0.048136646
1771	-0.015925926
1772	-0.008280015
1773	0.042125199
1774	0.04697746
1775	-0.102956487
1776	-0.123691387
1777	-0.068141637
1778	-0.050332339
1779	0.02749995
1780	-0.002433041
1781	-0.012195122
1782	0.037037037
1783	0.042857143
1784	-0.002283105
1785	-0.027002288
1786	0.041392239
1787	0.034327057
1788	0.017903886
1789	0.016302103
1790	-0.012663655
1791	-0.023514281
1792	-0.002626926
1793	-0.021949077
1794	-0.025583572
1795	-0.012436574
1796	0.003264879
1797	0.011622501
1798	0.036305101
1799	-0.008425632
1800	-0.00626127
1801	-0.137263688
1802	0.034950443
1803	-0.008064516
1804	-0.038617886
1805	-0.023784408
1806	-0.010286844
1807	-0.055798739
1808	0.009269988
1809	0.113662457
1810	0.027835103
1811	-0.008525626
1812	-0.019221093
1813	0.009283188
1814	0.006642872
1815	0.018781674
1816	0.005979123
1817	0.025260028
1818	0
1819	0.004830821
1820	-0.062499955
1821	-0.008205128
1822	0.026370217
1823	0.034256977
1824	0.027764197
1825	0.009952559
1826	0.005161943
1827	-0.005135434
1828	0.016424262
1829	0.037396076
1830	0.009790922
1831	0.005288585
1832	0.038141212
1833	-0.009290583
1834	0.040494503
1835	-0.020893077
1836	0.008368201
1837	0.039833983
1838	0.01037514
1839	0.009083689
1840	0.04266145
1841	-0.041291218
1842	-0.028582693
1843	-0.004030633
1844	0.012950304
1845	0.001598042
1846	0.038691703
1847	-0.044930874
1848	0.044632045
1849	-0.021555042
1850	-0.012981904
1851	0.007174173
1852	0.005935892
1853	-0.033831668
1854	0.013436483
1855	-0.023302532
1856	-0.0283833
1857	-0.015241363
1858	0.04385215
1859	0.018945592
1860	0.030719483
1861	0.015294078
1862	0.002703747
1863	-0.028120147
1864	-0.028537455
1865	-0.00244794
1866	0.016359877
1867	0.025352113
1868	0.022762912
1869	-0.006907138
1870	0.015456028
1871	0.006849239
1872	0.006046939
1873	-0.023290796
1874	0.040769192
1875	0.011825573
1876	-0.008765523
1877	-0.026529072
1878	0
1879	0.175624489
1880	0.022859016
1881	-0.03588294
1882	-0.020241561
1883	0.01032989
1884	-0.070580475
1885	-0.030163236
1886	0.016099524
1887	0.023766655
1888	-0.010200528
1889	0.006041223
1890	0.003179124
1891	0.028873204
1892	-0.028405203
1893	-0.006692427
1894	0.017375886
1895	-0.025444475
1896	-0.030400502
1897	0.061600883
1898	0.066018031
1899	-0.056388494
1900	0.020034542
1901	-0.014561496
1902	-0.081786976
1903	0.045658759
1904	-0.021116714
1905	0.017184644
1906	0.058950359
1907	-0.030210422
1908	0.000700035
1909	-0.065057712
1910	0.036288851
1911	0.017328483
1912	0.022356246
1913	0.026032628
1914	0.002368065
1915	0.042861999
1916	0.088996828
1917	0.002971709
1918	0.03437037
1919	-0.060727557
1920	-0.013418816
1921	0.021947544
1922	-0.005747187
1923	-0.014602982
1924	0.009262118
1925	0.016212971
1926	0.009933714
1927	-0.040238392
1928	0.057142855
1929	-0.053466508
1930	-0.013035443
1931	-0.069182361
1932	0.051351385
1933	0.008676028
1934	-0.044281588
1935	-0.015000033
1936	0.011505923
1937	0.036801641
1938	0.039690255
1939	-0.064866603
1940	-0.005310322
1941	-0.047380716
1942	-0.101576151
1943	0.005068265
1944	0.020558494
1945	0.057392667
1946	-0.121135838
1947	0.010633865
1948	0.00445168
1949	0.065269984
1950	0.019288955
1951	0
1952	-0.006307978
1953	0.042195629
1954	-0.014331781
1955	-0.000727008
1956	-0.000727574
1957	0.01383331
1958	-0.020825853
1959	-0.04620462
1960	-0.096501346
1961	-0.006808511
1962	-0.031705227
1963	-0.019911504
1964	-0.007223476
1965	0.00318322
1966	0.049864055
1967	0.022884326
1968	-0.013507809
1969	0.030808685
1970	0.021585762
1971	-0.0288501
1972	-0.013389121
1973	0.026293511
1974	-0.034710742
1975	-0.011558261
1976	0.066695496
1977	0.016646448
1978	0.01996805
1979	-0.02231801
1980	-0.0272326
1981	-0.132153185
1982	-0.004743833
1983	0.009532888
1984	0.031633617
1985	0.033409611
1986	0.023915013
1987	0.035467126
1988	-0.01629081
1989	-0.023354523
1990	0.088260913
1991	0.067518895
1992	-0.034805316
1993	0.018224078
1994	-0.039223153
1995	0.03804998
1996	0.047346275
1997	0.020780168
1998	-0.018214286
1999	-0.011640597
2000	-0.021715127
2001	-0.0248307
2002	0.061342593
2003	0.017084696
2004	-0.031808435
2005	-0.014027353
2006	0.034818421
2007	-0.034008612
2008	0.011610449
2009	0.019622399
2010	-0.015976797
2011	0.030258303
2012	0.046203403
2013	0.008558713
2014	-0.056347592
2015	0.057913707
2016	-0.043862598
2017	0.030227524
2018	0.129444326
2019	-0.019865556
2020	-0.030246336
2021	0.016398746
2022	0.021828471
2023	0.004953561
2024	-0.052372121
2025	0.045188622
2026	0.067496046
2027	-0.067307751
2028	-0.086535401
2029	-0.002051984
2030	-0.003769705
2031	-0.072927382
2032	-0.000371058
2033	0.021158091
2034	-0.022537296
2035	0.006693976
2036	0.026967085
2037	-0.004316511
2038	-0.007586741
2039	-0.031670878
2040	-0.086466203
2041	0.010288066
2042	-0.019959268
2043	0.034912761
2044	0.022088394
2045	-0.019646365
2046	0.014027975
2047	-0.022529606
2048	-0.004447998
2049	-0.009748253
2050	-0.025840813
2051	-0.000842105
2052	0.04761909
2053	0.03258242
2054	0.008180717
2055	0.073802244
2056	-0.014393738
2057	-0.033223769
2058	0.028700906
2059	-0.016886894
2060	0.024271806
2061	-0.031352534
2062	-0.035754573
2063	0.010928922
2064	-0.027799228
2065	0.023034154
2066	0.044254658
2067	0.004460967
2068	0.048852702
2069	0.013408574
2070	0.013231233
2071	-0.012027491
2072	0.004521704
2073	0.009349065
2074	0.023670669
2075	-0.026809618
2076	-0.017561983
2077	0.020329477
2078	0.030917175
2079	-0.02799067
2080	-0.011998629
2081	-0.027411485
2082	-0.036746378
2083	-0.042592593
2084	-0.001160542
2085	0.017815686
2086	-0.000761073
2087	0.013328294
2088	0.030063847
2089	-0.036847866
2090	-0.00757572
2091	-0.018702366
2092	-0.030727306
2093	0.025682143
2094	-0.013693271
2095	-0.021420033
2096	-0.03242801
2097	0.01508165
2098	0.023111886
2099	-0.018959297
2100	0.069490132
2101	0.039215725
2102	-0.051054419
2103	-0.032748577
2104	-0.093107581
2105	0.008888933
2106	-0.016299603
2107	-0.003582624
2108	-0.018426966
2109	0.010531136
2110	-0.016764794
2111	-0.058986218
2112	-0.069539667
2113	-0.012105263
2114	0.013319126
2115	0.001577234
2116	0.001049921
2117	0.015207184
2118	-0.006714927
2119	0.030681227
2120	-0.023713421
2121	-0.003100724
2122	0.026438464
2123	0.004545455
2124	-0.014580142
2125	0.012755102
2126	0.027707809
2127	-0.036764706
2128	0.02697201
2129	-0.078295342
2130	0.003763441
2131	-0.056775522
2132	-0.014764394
2133	0.034005821
2134	0.002787012
2135	-0.005002779
2136	-0.01396648
2137	0.003965949
2138	-0.003950282
2139	-0.013597734
2140	0.006892648
2141	-0.017113576
2142	-0.010446953
2143	-0.01994135
2144	-0.01017343
2145	-0.003023035
2146	-0.001819345
2147	0.007290462
2148	-0.001206333
2149	-0.002415399
2150	0.010290617
2151	0.009586518
2152	0.004747774
2153	0.002362611
2154	-0.015910313
2155	-0.013772574
2156	0.010321798
2157	0.020432754
2158	-0.008833922
2159	-0.005347594
2160	0.036439665
2161	-0.063400576
2162	0.011076923
2163	-0.0176507
2164	0.022304896
2165	-0.023030242
2166	0.03473939
2167	0.007194185
2168	0.04761911
2169	-0.021590966
2170	0.056329968
2171	0.01814178
2172	-0.000539957
2173	-0.029173474
2174	-0.032276017
2175	-0.00690046
2176	0.009843717
2177	-0.03497712
2178	-0.021984611
2179	0.003645261
2180	0.032082264
2181	-0.021700822
2182	0.006594784
2183	-0.028588563
2184	-0.010423054
2185	0.017967845
2186	-0.052343274
2187	-0.012202954
2188	0.009102731
2189	-0.004510309
2190	0.020711974
2191	-0.015852885
2192	0.020618557
2193	0.002525253
2194	-0.000629723
2195	0.042218084
2196	0.055018135
2197	-0.001146189
2198	0.002868617
2199	-0.009153318
2200	-0.019630485
2201	-0.001766726
2202	-0.011209498
2203	0.00477327
2204	0.012470249
2205	0.014076364
2206	-0.010989068
2207	0.012865497
2208	0.011547344
2209	0.000570833
2210	-0.013120478
2211	-0.013294741
2212	0.001757469
2213	0.000584854
2214	-0.017533722
2215	0.0059489
2216	0.020106446
2217	0.009855072
2218	-0.027554478
2219	0.007083707
2220	0.016412721
2221	0.025951615
2222	0.033726698
2223	0.147906588
2224	-0.001894884
2225	-0.039392501
2226	-0.031620553
2227	0.010204031
2228	0.017676819
2229	-0.010918114
2230	-0.014049172
2231	0.014249364
2232	0.018564927
2233	0.001970493
2234	0.01868235
2235	0.00289585
2236	0.011549518
2237	-0.002854472
2238	0.020992415
2239	-0.013084065
2240	0
2241	-0.023674241
2242	0.030552811
2243	-0.004705882
2244	0.007092151
2245	-0.016431832
2246	-0.006205298
2247	0.016810759
2248	0.038734058
2249	-0.001364302
2250	0.000455373
2251	0.010468913
2252	-0.000900946
2253	-0.003155951
2254	0.018543599
2255	0.013321492
2256	-0.031989483
2257	0.018560435
2258	0.0244444
2259	0.005639957
2260	0.012942192
2261	-0.04642253
2262	-0.008039304
2263	0
2264	-0.012156597
2265	-0.019598951
2266	0.011622501
2267	-0.0546875
2268	-0.004861497
2269	0.001465608
2270	-0.019024341
2271	-0.001491845
2272	-0.017430279
2273	-0.001013735
2274	-0.004058854
2275	-0.037187929
2276	-0.001587249
2277	-0.001059936
2278	0.014854058
2279	0.022477785
2280	-0.006646166
2281	-0.008749357
2282	-0.000519211
2283	0.012987013
2284	-0.030769231
2285	-0.035449735
2286	0.004936917
2287	-0.008187773
2288	0.023665382
2289	-0.005913978
2290	0.007030882
2291	0.001074006
2292	-0.028433371
2293	0
2294	0.001656433
2295	0
2296	0.007166538
2297	0.028462014
2298	-0.011708408
2299	0.032310178
2300	0.001043349
2301	-0.011464408
2302	-0.031101741
2303	-0.030467847
2304	0.023007856
2305	-0.006582501
2306	-0.018774212
2307	0.009566742
2308	0.023968784
2309	0.02340762
2310	0.0356383
2311	-0.010785774
2312	-0.008307373
2313	0.032984293
2314	0.002027369
2315	0.007081437
2316	-0.03114008
2317	-0.008294556
2318	-0.001568165
2319	-0.009947644
2320	-0.000528821
2321	-0.004761958
2322	-0.037745829
2323	0.027071823
2324	-0.016137655
2325	-0.030617877
2326	0.274111675
2327	0.023461753
2328	-0.035034687
2329	0.024652713
2330	0.025371827
2331	-0.007679223
2332	0.019346475
2333	0.002108857
2334	0.005471338
2335	-0.037254041
2336	-0.006956522
2337	0.024956217
2338	0.003417343
2339	-0.004682886
2340	0.005132635
2341	-0.014042553
2342	0.003884333
2343	0.027085082
2344	0.013813312
2345	-0.036333569
2346	-0.010282776
2347	0.013852814
2348	0.018787404
2349	0.010058633
2350	0.006639004
2351	0.018961212
2352	-0.002022613
2353	0.046209931
2354	-0.048430843
2355	0.04438115
2356	-0.021442495
2357	0.020717171
2358	0.003903122
2359	-0.023716875
2360	0.016726403
2361	0.024676811
2362	0.056957187
2363	-0.021699855
2364	0.032902108
2365	0.016821725
2366	-0.001759908
2367	0.039492206
2368	-0.005427408
2369	0.025579809
2370	0.025939475
2371	-0.019124797
2372	0.019497687
2373	-0.013614263
2374	-0.011501807
2375	0.003989395
2376	-0.004635828
2377	-0.007983999
2378	-0.011737123
2379	-0.009840482
2380	0.004112371
2381	0.020136519
2382	0.017062597
2383	0.121381579
2384	0.012026987
2385	-0.02173913
2386	-0.017777719
2387	-0.019004584
2388	0.00184508
2389	0.008594198
2390	0.028301886
2391	0.031666172
2392	0.004016035
2393	-0.046285686
2394	-0.017675254
2395	0.010673925
2396	-0.009957695
2397	0.01188662
2398	0.002108404
2399	-0.018936008
2400	0.008578401
2401	0.005164095
2402	0.000906588
2403	-0.006642422
2404	-0.018845075
2405	0.006195818
2406	-0.015702001
2407	-0.014388458
2408	0.018406855
2409	-0.007478965
2410	-0.043956013
2411	-0.015763612
2412	-0.015014982
2413	-0.000677507
2414	0.017288136
2415	0.009663412
2416	-0.001650132
2417	0.000330579
2418	0.003965598
2419	-0.014153983
2420	-0.04674464
2421	-0.028020982
2422	-0.010450486
2423	-0.005098289
2424	-0.017569546
2425	-0.002980626
2426	0.009715994
2427	-0.002960733
2428	-0.007423942
2429	-0.010471242
2430	-0.003023432
2431	-0.006823275
2432	0.013358702
2433	-0.008662863
2434	0.012537994
2435	-0.013133246
2436	-0.00076038
2437	0.015981735
2438	-0.023970111
2439	0.032233347
2440	0.011524126
2441	-0.005145131
2442	-0.025120096
2443	-0.007199621
2444	-0.009160381
2445	0.031972343
2446	0.068682267
2447	-0.043311214
2448	-0.019715189
2449	0.007076387
2450	0.01553247
2451	0.007283358
2452	0.005422957
2453	0.011506653
2454	-0.017419126
2455	-0.030028945
2456	-0.013427751
2457	-0.031758033
2458	-0.01444752
2459	0.030110935
2460	0.013461538
2461	-0.007590133
2462	0.002676826
2463	0.007627803
2464	-0.020060598
2465	-0.004248668
2466	-0.007370093
2467	0.023055881
2468	0.023300267
2469	-0.010451698
2470	-0.002640475
2471	0.01475034
2472	0.000372717
2473	-0.018628912
2474	0.011769172
2475	0.011632233
2476	0.008160275
2477	0.021707138
2478	-0.010082823
2479	-0.02400873
2480	0
2481	0.004472643
2482	0.018552875
2483	-0.005828779
2484	-0.00109934
2485	-0.023477586
2486	0.010142674
2487	-0.025660023
2488	-0.010305381
2489	0.011955264
2490	-0.022865892
2491	-0.023010921
2492	-0.010778364
2493	-0.002017797
2494	-0.004447998
2495	-0.001218562
2496	0.012200041
2497	-0.011651226
2498	-0.004878049
2499	-0.006127451
2500	-0.0119194
2501	-0.017886854
2502	0.005506099
2503	0.035804549
2504	0.012606751
2505	0.011646627
2506	0.01627626
2507	-0.128906289
2508	0.024663723
2509	0.01356674
2510	-0.011226252
2511	-0.03930131
2512	0.006818182
2513	-0.003160271
2514	0.026268116
2515	0.025595763
2516	0.006024053
2517	0.029084689
2518	0.012053242
2519	0.0275154
2520	0.020383733
2521	-0.019976537
2522	-0.004796163
2523	-0.029718876
2524	-0.017798013
2525	0.017699115
2526	0.003726708
2527	-0.015676526
2528	-0.012154274
2529	0.021637675
2530	0.00498343
2531	0.026446239
2532	0.000402576
2533	0.006036217
2534	0.00559996
2535	0.010739897
2536	-0.003935498
2537	0.020545279
2538	-0.010065815
2539	0.003128666
2540	-0.002729045
2541	-0.004300274
2542	0.006674519
2543	-0.024570945
2544	0.007597001
2545	-0.009523889
2546	0.01161863
2547	-0.025742574
2548	-0.00894313
2549	0.006562839
2550	-0.003260065
2551	0.018806256
2552	-0.032102689
2553	-0.001243823
2554	0.002075509
2555	-0.018226927
2556	0.153586449
2557	-0.016459437
2558	0.0137598
2559	-0.002567828
2560	0.045972782
2561	-0.007032384
2562	0.029745042
2563	0.02441544
2564	0.025847532
2565	-0.029777455
2566	-0.004721754
2567	0.001694307
2568	-0.01150203
2569	-0.050307976
2570	-0.013333369
2571	-0.008400256
2572	0.01252302
2573	0.002910149
2574	-0.015959412
2575	-0.002948765
2576	-0.007393679
2577	0.010428268
2578	0.00479178
2579	-0.009170946
2580	-0.004813069
2581	-0.049107145
2582	0.017214437
2583	-0.013461538
2584	-0.0132554
2585	0.006321612
2586	0.000785277
2587	0.023930953
2588	-0.010727969
2589	0.02904725
2590	0.028227324
2591	-0.015739422
2592	0.018594274
2593	0.000365133
2594	0.02043792
2595	-0.002145887
2596	-0.01290319
2597	-0.026506971
2598	-0.005967885
2599	-0.006378987
2600	0.021148074
2601	-0.005177552
2602	0
2603	0.028996283
2604	0.033959574
2605	0.047868587
2606	-0.029343081
2607	0.030230126
2608	-0.01167059
2609	0.008771964
2610	-0.09632107
2611	0.026276832
2612	-0.009736783
2613	0.009104152
2614	-0.000360808
2615	-0.042238266
2616	-0.023369807
2617	0.00231567
2618	-0.003080478
2619	-0.03437617
2620	-0.0332
2621	-0.008688498
2622	-0.002921536
2623	0.004604479
2624	-0.018750042
2625	0.016985224
2626	-0.006680584
2627	0.004623749
2628	0.012133933
2629	-0.024803678
2630	0.004663035
2631	0.002109662
2632	0.011368421
2633	-0.019983306
2634	0.048428163
2635	-0.008914141
2636	0.043744973
2637	-0.012925969
2638	-0.01031746
2639	-0.105854126
2640	0.030044844
2641	0.026121072
2642	0.022061943
2643	0.01037775
2644	0.003697617
2645	0.013507982
2646	-0.074717286
2647	-0.070711436
2648	0.00046961
2649	0.021126809
2650	0
2651	-0.044137885
2652	0.027417026
2653	0.011704119
2654	0.009254882
2655	-0.021091198
2656	0.019203747
2657	-0.016084559
2658	0.028958477
2659	0.000907762
2660	0.014965987
2661	0.002681055
2662	-0.001336943
2663	0.011155734
2664	-0.004854413
2665	0.010643105
2666	-0.003510399
2667	0.000440335
2668	-0.007922448
2669	0.043921915
2670	0.009349723
2671	-0.009684211
2672	0.003401361
2673	0.002118644
2674	-0.057928076
2675	0.01705561
2676	0.032215313
2677	0.004702907
2678	0.024680851
2679	0.013704319
2680	-0.036460467
2681	0.019132611
2682	-0.036295329
2683	0.03376619
2684	0.025544432
2685	-0.034708085
2686	0.010998351
2687	-0.005020879
2688	0.006728343
2689	0.004594737
2690	-0.000831518
2691	-0.012484436
2692	0.023598862
2693	-0.002881927
2694	-0.026424402
2695	-0.034351145
2696	0.033377295
2697	0.019974457
2698	0.024166667
2699	0.037428804
2700	0.014901922
2701	0.355100516
2702	-0.026803507
2703	-0.041019659
2704	0.039107791
2705	-0.012055279
2706	-0.017857084
2707	0.025454545
2708	0.050236436
2709	0.078503121
2710	0.045656142
2711	-0.006237525
2712	-0.017825834
2713	-0.003067459
2714	-0.024102538
2715	0.019968444
2716	0.001545621
2717	-0.008487706
2718	-0.02749668
2719	0.035476072
2720	0.029881504
2721	0.021010505
2722	0.004164674
2723	-0.013661917
2724	-0.000247391
2725	0.008164325
2726	-0.025276049
2727	0.013846903
2728	0.042711746
2729	-0.061919573
2730	-0.05001272
2731	0.004008605
2732	-0.047644424
2733	0.025712745
2734	0.021525912
2735	-0.000533502
2736	-0.01574593
2737	0.013557483
2738	0.010165784
2739	0.032044573
2740	0.008981242
2741	-0.064089547
2742	0.01385875
2743	-0.005628598
2744	-0.011859785
2745	-0.023458838
2746	0.044692822
2747	-0.018181844
2748	-0.03921574
2749	-0.008503373
2750	-0.029445369
2751	0.060382885
2752	-0.018055611
2753	-0.023762378
2754	-0.001158997
2755	-0.02262843
2756	-0.042148977
2757	0.019832662
2758	0
2759	0.031905166
2760	-0.069199001
2761	-0.044922491
2762	-0.008280887
2763	-0.038744154
2764	-0.015288429
2765	0.027522971
2766	0.008928502
2767	0.036759702
2768	-0.036769502
2769	0.053510566
2770	0.02361692
2771	0.026548705
2772	0.009852186
2773	-0.047560947
2774	-0.02368758
2775	-0.022622984
2776	-0.024823852
2777	-0.030959752
2778	0.018814377
2779	0.006620139
2780	0.013845691
2781	0.020484738
2782	-0.001003613
2783	-0.049899529
2784	-0.0102221
2785	-0.012108262
2786	0.01297765
2787	-0.012455516
2788	0.005405405
2789	-0.075985627
2790	-0.052366212
2791	-0.005730618
2792	-0.009468999
2793	0.063591067
2794	-0.026182102
2795	0.00200638
2796	0.002402964
2797	0.022772632
2798	-0.0234375
2799	0.0168
2800	-0.038945712
2801	0.031109333
2802	0.00952755
2803	-0.032638616
2804	-0.01504065
2805	-0.07593896
2806	-0.028137518
2807	-0.012867647
2808	0.010707588
2809	0.011515431
2810	0.032786932
2811	-0.032186905
2812	-0.02687927
2813	0.045880101
2814	0.023276679
2815	-0.02887139
2816	0.025225179
2817	-0.016696002
2818	-0.025915998
2819	0.005963349
2820	-0.062471546
2821	-0.11089485
2822	0.036652077
2823	0.053825749
2824	-0.011016475
2825	0.036962025
2826	-0.02734375
2827	0.005522139
2828	0.007988018
2829	-0.0138683
2830	0.017579106
2831	0.017275469
2832	0.032993691
2833	-0.038985531
2834	0.014662806
2835	-0.000481696
2836	0.049156627
2837	0.005052779
2838	0.058043924
2839	-0.031965443
2840	-0.030789871
2841	0.013812201
2842	0.006357856
2843	-0.017599278
2844	-0.058796509
2845	-0.031234749
2846	-0.003526398
2847	0.00505551
2848	0.012575453
2849	0.015400001
2850	-0.026418834
2851	0.025628141
2852	-0.018618275
2853	0.082875682
2854	0.064545825
2855	-0.03334777
2856	-0.031361962
2857	0.030527288
2858	0.039946093
2859	-0.006905481
2860	0.001738331
2861	0.005206117
2862	0.002589555
2863	-0.024967714
2864	-0.011920574
2865	-0.010276989
2866	-0.013544018
2867	-0.037528558
2868	-0.032810317
2869	-0.004916421
2870	0.031620504
2871	-0.00718386
2872	0.008200675
2873	-0.023923445
2874	0.003431324
2875	-0.028822669
2876	0.009054326
2877	-0.028414707
2878	-0.062083068
2879	0.013129047
2880	0.024838013
2881	0.04373019
2882	0.014639122
2883	-0.000995025
2884	0.019920319
2885	-0.010253906
2886	0.033547163
2887	-0.010501241
2888	0.007718234
2889	-0.003350838
2890	0.037463977
2891	0.007407407
2892	-0.005055147
2893	0.025404203
2894	-0.001351396
2895	-0.005863735
2896	0.0054446
2897	0.01534296
2898	-0.013777733
2899	0.020279314
2900	-0.018109497
2901	0.004498426
2902	-0.020152306
2903	-0.051645295
2904	0.012048193
2905	-0.02
2906	0.000971817
2907	-0.000970874
2908	0.008746356
2909	0.011560694
2910	-0.005714333
2911	-0.008620594
2912	-0.026087004
2913	0.047123065
2914	-0.030317478
2915	0.007816317
2916	0.041686914
2917	0.00511866
2918	0.032870324
2919	0.000448274
2920	0.055555511
2921	0.022495799
2922	0
2923	-0.005811499
2924	-0.016701544
2925	-0.003821656
2926	-0.012787682
2927	-0.013385147
2928	0.03238512
2929	0.016956337
2930	0.003751563
2931	-0.007890407
2932	0.004604479
2933	0.022083375
2934	0.008968569
2935	0.008484808
2936	-0.03445509
2937	0.016182573
2938	-0.032258024
2939	-0.021097046
2940	0.048706851
2941	0.026304932
2942	0.004004846
2943	-0.014758636
2944	0.018623441
2945	0.022257512
2946	0.034992303
2947	-0.035687489
2948	0.058823529
2949	0.057395143
2950	-0.030619311
2951	-0.07214648
2952	-0.182978685
2953	-0.025568228
2954	-0.005830952
2955	0.038611976
2956	-0.035764706
2957	-0.013665251
2958	-0.030677834
2959	-0.039305768
2960	-0.003719447
2961	-0.0448
2962	-0.012283585
2963	0.019219897
2964	0.001109151
2965	-0.03047086
2966	0.003428514
2967	0.010820103
2968	-0.011267662
2969	-0.008546952
2970	-0.002298793
2971	-0.020737384
2972	0.009411765
2973	-0.008741259
2974	0.039976543
2975	-0.002261221
2976	-0.03456085
2977	0.00645534
2978	-0.006413936
2979	0.002934213
2980	0.015213575
2981	0.00634
2982	0.02004582
2983	0.005053397
2984	0.02569838
2985	-0.001634041
2986	0.00872886
2987	-0.019470038
2988	-0.041919362
2989	-0.012665572
2990	0.011078717
2991	-0.001153403
2992	0.02482679
2993	0.013521127
2994	0.039466426
2995	0.01871647
2996	-0.01312336
2997	-0.013829682
2998	0.052319253
2999	0.004100461
3000	-0.012251149
3001	-0.02015509
3002	-0.055907123
3003	-0.008379888
3004	-0.005633803
3005	0.014164306
3006	-0.003351955
3007	-0.05829602
3008	-0.029761907
3009	0.03680988
3010	0.047928935
3011	0.033314513
3012	-0.005464372
3013	-0.013186922
3014	0.057349725
3015	0.014218009
3016	0.012461059
3017	0.019487128
3018	0.044768664
3019	-0.080885893
3020	0.005762232
3021	0.021354166
3022	-0.008669046
3023	-0.022119392
3024	-0.005786428
3025	-0.012698413
3026	-0.00750268
3027	0.031857505
3028	0.005232757
3029	0.095262993
3030	-0.079847905
3031	0.011880113
3032	-0.084737111
3033	-0.029559398
3034	-0.013793103
3035	-0.023892774
3036	-0.005373134
3037	-0.027610984
3038	-0.007407469
3039	0.018656654
3040	-0.02930397
3041	0.079245283
3042	0.029137529
3043	-0.052661382
3044	-0.040645607
3045	-0.024922058
3046	0
3047	0.01086262
3048	-0.01011378
3049	0.010855683
3050	-0.029058749
3051	0.01691607
3052	0.042866219
3053	-0.018404848
3054	-0.11875
3055	-0.004255319
3056	-0.002136752
3057	-0.005710207
3058	-0.029432879
3059	-0.011094675
3060	-0.032161556
3061	-0.034775889
3062	-0.052041633
3063	0.018581081
3064	0.042288557
3065	0.014319809
3066	0.021176471
3067	0.013824885
3068	0.013636364
3069	0.003736921
3070	0.236783395
3071	-0.0313065
3072	-0.039154755
3073	-0.001293661
3074	0.02007772
3075	-0.008253968
3076	-0.000640205
3077	0.028827611
3078	-0.015566564
3079	0.043643264
3080	0.001818242
3081	0.004234664
3082	0.003614458
3083	-0.009603842
3084	0.136969697
3085	-0.023454158
3086	-0.020742303
3087	-0.076923184
3088	0.015700544
3089	-0.049346017
3090	0.016260163
3091	0.019692308
3092	0.056125528
3093	-0.040000057
3094	-0.064880897
3095	0.028644176
3096	0.066831683
3097	0.041183353
3098	0.031754817
3099	0.01349892
3100	-0.037826372
3101	0.002214895
3102	0.227071768
3103	0.026564612
3104	0.017982457
3105	0.012494658
3106	0.063829787
3107	0.0336
3108	-0.00890089
3109	-0.008199961
3110	-0.037401535
3111	0.002044949
3112	-0.036734694
3113	-0.026271186
3114	-0.032637076
3115	-0.053981062
3116	-0.015691868
3117	-0.014975941
3118	0.0181462
3119	-0.00963396
3120	0.038424175
3121	0.055269368
3122	-0.008433244
3123	-0.004028648
3124	0.019325843
3125	-0.018518519
3126	-0.029649596
3127	0.00833338
3128	-0.020202065
3129	-0.011715089
3130	-0.035087719
3131	-0.024078575
3132	0.004531722
3133	0.007017493
3134	-0.031856595
3135	-0.004627249
3136	0.053202373
3137	0.0181462
3138	0.028901782
3139	-0.034644193
3140	-0.027643161
3141	0.150623499
3142	-0.006068487
3143	-0.034016572
3144	-0.036117381
3145	0.024356019
3146	0.019661545
3147	0.041704083
3148	0.018510547
3149	-0.040574768
3150	0.02422903
3151	-0.015053763
3152	-0.05720524
3153	-0.142195461
3154	0.041036771
3155	0.046161771
3156	-0.032226078
3157	-0.008709016
3158	-0.032041344
3159	0.096636466
3160	-0.033593036
3161	0.005037834
3162	-0.015037643
3163	-0.002544529
3164	-0.07755102
3165	-0.019358407
3166	-0.099830795
3167	-0.015037594
3168	0.014631043
3169	0.03322884
3170	0.003640837
3171	-0.018137907
3172	-0.004926108
3173	0.022277228
3174	0.030266344
3175	0.001175147
3176	-0.043427345
3177	0.044785402
3178	0.008807927
3179	0.012805588
3180	-0.022988506
3181	-0.012352882
3182	0.028588384
3183	-0.065431442
3184	-0.057620759
3185	0.040762656
3186	0.018951295
3187	-0.018598823
3188	-0.029690461
3189	0.079427083
3190	0.007237696
3191	-0.001796467
3192	-0.0017997
3193	0.079326928
3194	-0.011135802
3195	0.032657658
3196	-0.0343512
3197	-0.008469792
3198	-0.009681094
3199	0.012075964
3200	-0.030113636
3201	0.048037434
3202	0.043040863
3203	-0.014469507
3204	0.029363841
3205	0.011621764
3206	-0.046475196
3207	0.017524644
3208	0.006996717
3209	-0.035809622
3210	0.076496614
3211	-0.022657055
3212	-0.061643888
3213	-0.024143741
3214	-0.059263467
3215	0.017736942
3216	0.029447117
3217	0.00467017
3218	-0.006391575
3219	0.014619883
3220	-0.013832795
3221	0.022793628
3222	0.015428571
3223	0.054023635
3224	0.096636466
3225	-0.068159782
3226	0.026645822
3227	-0.021883003
3228	-0.009885432
3229	-0.006305885
3230	0.058699101
3231	-0.003496454
3232	0.024060099
3233	0.038668576
3234	0.139962401
3235	-0.021496527
3236	0.023236122
3237	-0.066061027
3238	0.057471218
3239	-0.059782609
3240	0.006224944
3241	-0.050375566
3242	-0.033969288
3243	0.068400771
3244	-0.046438233
3245	-0.038770686
3246	-0.055582833
3247	-0.024479217
3248	-0.04217827
3249	0.042920733
3250	0.025120311
3251	0.03806048
3252	-0.085384279
3253	0.037342122
3254	-0.020645793
3255	-0.067567568
3256	0.059130435
3257	-0.096332786
3258	0.05511811
3259	-0.016073536
3260	-0.01575251
3261	0.010077059
3262	-0.043427345
3263	-0.013496872
3264	-0.06840796
3265	-0.125500668
3266	-0.103053435
3267	0.089361702
3268	-0.0609375
3269	-0.026622296
3270	-0.026495726
3271	-0.055311677
3272	-0.05204461
3273	0.109803922
3274	0.064487633
3275	0.037344398
3276	0.0488
3277	-0.008390542
3278	-0.038461538
3279	-0.008
3280	0.004032258
3281	0.012048193
3282	-0.066666667
3283	-0.029761905
3284	-0.008764242
3285	0.042440318
3286	0.022900763
3287	0.048092869
3288	0.05221519
3289	0.011278195
3290	0.049814126
3291	0.025495751
3292	-0.017955801
3293	-0.044303797
3294	-0.006622517
3295	-0.074074074
3296	0.0568
3297	-0.052990159
3298	0.099920064
3299	0.025436047
3300	0.007087172
3301	0.013370866
3302	0.060416667
3303	-0.049115914
3304	0.080578512
3305	0.077756533
3306	-0.024837374
3307	0.063675015
3308	-0.076396803
3309	-0.045679071
3310	-0.068564036
3311	-0.0625
3312	0.064444444
3313	0.005567154
3314	0.042214533
3315	-0.059096946
3316	0.038814397
3317	-0.123641304
3318	0.09379845
3319	0.026931254
3320	0.043478261
3321	0.047619048
3322	-0.050505051
3323	-0.054521277
3324	-0.008438819
3325	0.041843972
3326	-0.027229408
3327	0.009097271
3328	-0.030513176
3329	-0.029327611
3330	0.06705969
3331	0.018646409
3332	-0.091525424
3333	-0.093283582
3334	0.037037037
3335	-0.095238095
3336	0.070175439
3337	-0.010655738
3338	0.056338028
3339	-0.079215686
3340	0.012776831
3341	0.008410429
3342	0.103419516
3343	-0.035525321
3344	-0.047021944
3345	-0.027960526
3346	0.036379019
3347	-0.020408163
3348	0.078333333
3349	0.00927357
3350	0.049770291
3351	-0.016046681
3352	-0.057079318
3353	-0.009433962
3354	0.030952381
3355	-0.083910701
3356	0.064705882
3357	-0.131807419
3358	0
3359	0.044545455
3360	0.011314186
3361	-0.048192771
3362	0.037974684
3363	0.018292683
3364	0.000855432
3365	0.038461538
3366	-0.037037037
3367	0.081196581
3368	-0.03083004
3369	-0.006525285
3370	0.04679803
3371	0.041568627
3372	-0.012801205
3373	0.00228833
3374	-0.01369863
3375	-0.070216049
3376	-0.047302905
3377	0.032229965
3378	0.08185654
3379	-0.139625585
3380	0.002719855
3381	0.065099458
3382	-0.011035654
3383	0.072103004
3384	-0.056044836
3385	-0.10178117
3386	0.024551464
3387	0.01843318
3388	0.040723982
3389	0.022608696
3390	0.017006803
3391	0.036789298
3392	0.044354839
3393	0.023938224
3394	0.0173454
3395	-0.09562639
3396	0.024590164
3397	-0.0712
3398	0.08957795
3399	0.019762846
3400	0.058139535
3401	-0.046153846
3402	0.060675883
3403	-0.01955105
3404	0.026587888
3405	-0.000719424
3406	-0.018718503
3407	-0.009537784
3408	0.011851852
3409	-0.025622255
3410	0.03606311
3411	0.019579405
3412	-0.067567568
3413	0.04805492
3414	0.015283843
3415	-0.032258065
3416	-0.037037037
3417	0.089230769
3418	0.14759887
3419	0.098461538
3420	0.053221232
3421	-0.034042502
3422	-0.028634416
3423	-0.006235715
3424	-0.041072559
3425	-0.060083228
3426	-0.109493671
3427	0.037668799
3428	0.040410959
3429	-0.016458196
3430	-0.099062918
3431	-0.011887073
3432	0.070676692
3433	-0.002808989
3434	0.080985915
3435	0.028013029
3436	0.010773131
3437	-0.027586207
3438	0.003223727
3439	-0.04562982
3440	-0.12996633
3441	0.095201238
3442	0.177385159
3443	0.048619388
3444	0.06582725
3445	0.027926851
3446	0.016718914
3447	-0.003083196
3448	0.062886649
3449	-0.037342433
3450	-0.014105793
3451	0.018395503
3452	-0.063723031
3453	0.122722454
3454	0.024820906
3455	-0.047973826
3456	0.028864969
3457	0.013314217
3458	0.107461338
3459	0.298728814
3460	0.018597031
3461	0.013452915
3462	0.011378034
3463	0.014062531
3464	-0.003697966
3465	-0.081348619
3466	-0.008080875
3467	0.046843213
3468	-0.005512322
3469	0.015976524
3470	-0.054557157
3471	0.007807264
3472	-0.080161735
3473	0.008421897
3474	0.047567137
3475	-0.092201005
3476	-0.010309316
3477	-0.024305517
3478	0.036377935
3479	-0.007630637
3480	-0.014609804
3481	0.019508389
3482	0.02219671
3483	0.010108611
3484	-0.077835471
3485	-0.036575564
3486	0.037129831
3487	-0.011665366
3488	-0.040700041
3489	0.062791642
3490	-0.001995968
3491	-0.03519996
3492	-0.032338349
3493	0.014138817
3494	0.050274651
3495	0.015687811
3496	-0.045544554
3497	-0.068464689
3498	-0.036971045
3499	-0.015263644
3500	-0.006575904
3501	-0.019858156
3502	0.030873179
3503	0.008422929
3504	-0.023665802
3505	-0.058935453
3506	-0.035353487
3507	-0.060209372
3508	-0.051253479
3509	0.048150261
3510	0.056582689
3511	-0.032343636
3512	-0.063013699
3513	-0.036842164
3514	0.000607225
3515	-0.013349515
3516	-0.011685117
3517	0.049159988
3518	0.086595428
3519	-0.02347167
3520	0.048071607
3521	0.03306672
3522	-0.077955597
3523	-0.067749212
3524	0.066666667
3525	-0.025900957
3526	-0.014450868
3527	-0.062170033
3528	-0.080675422
3529	0.000680272
3530	0.004758668
3531	-0.01894452
3532	0.009655172
3533	0.094262295
3534	-0.016853933
3535	-0.078095238
3536	0.053719008
3537	0.071895425
3538	0.038414695
3539	0.044039927
3540	0.074240659
3541	0.007853403
3542	-0.007272675
3543	0.046049134
3544	0.012506253
3545	0.036067144
3546	-0.038626564
3547	0.061507937
3548	0.063084112
3549	0.019780264
3550	-0.006465603
3551	-0.074186511
3552	0.028584864
3553	-0.051936307
3554	0.088419082
3555	0
3556	0.037086093
3557	-0.012345636
3558	0.015517155
3559	0.035653694
3560	-0.060655738
3561	-0.019633551
3562	0.022251892
3563	0.077927779
3564	0.013731826
3565	0.041434223
3566	0.039020698
3567	-0.046023564
3568	-0.055962987
3569	-0.02780041
3570	0.004625652
3571	-0.013813312
3572	-0.076825088
3573	-0.010114897
3574	0.12726423
3575	-0.005356448
3576	-0.00207121
3577	-0.11000411
3578	0.114272289
3579	-0.083298413
3580	0.04748863
3581	0.048387007
3582	-0.175883542
3583	0.012613522
3584	0.122072745
3585	-0.035968073
3586	0.072317
3587	0.095790331
3588	-0.008232105
3589	0.033201582
3590	-0.068859949
3591	-0.096548891
3592	-0.011823556
3593	0.007363046
3594	0.011877616
3595	0.002257381
3596	-0.004054054
3597	-0.003618272
3598	0.048570084
3599	0.047619091
3600	0.033471032
3601	0.068772491
3602	0.07295174
3603	-0.028591318
3604	0.073941096
3605	0.061163102
3606	-0.022362173
3607	-0.027061855
3608	-0.08178811
3609	0.002524306
3610	0.032374174
3611	-0.024041846
3612	0.079614423
3613	0.086309458
3614	0.007914856
3615	-0.035336755
3616	0.064182872
3617	0.058252394
3618	-0.052543757
3619	-0.096244214
3620	-0.102272698
3621	-0.024954828
3622	-0.060830826
3623	-0.001974724
3624	0.038385437
3625	0
3626	-0.066692073
3627	-0.059616129
3628	0.011723751
3629	-0.053648071
3630	0.015419502
3631	-0.022331399
3632	-0.016445775
3633	-0.08081746
3634	-0.044466951
3635	0.004230566
3636	-0.015271143
3637	0.023529304
3638	0.135318764
3639	0.044638794
3640	-0.030396518
3641	-0.210813221
3642	-0.009211398
3643	0.058105756
3644	-0.126853329
3645	-0.116981132
3646	-0.057692308
3647	-0.020408163
3648	0.087191358
3649	-0.129879347
3650	0.085644372
3651	0.045830203
3652	0.075431034
3653	0.001336005
3654	0.002001334
3655	0.074567177
3656	0.006815428
3657	0.039384554
3658	-0.06335104
3659	-0.042351454
3660	-0.015181518
3661	0.029490617
3662	-0.020182292
3663	0.057142857
3664	0.003771213
3665	0.018159048
3666	-0.033210332
3667	0.036697265
3668	0.073825108
3669	0.453571429
3670	0.017199017
3671	-0.099033816
3672	-0.034852547
3673	-0.033333333
3674	-0.034482759
3675	0.05952381
3676	0.126404494
3677	-0.02244389
3678	-0.012755102
3679	0
3680	0.098191214
3681	0.096470588
3682	0.06223176
3683	0.028282828
3684	-0.076620825
3685	0.044680851
3686	-0.018329939
3687	0.031120332
3688	-0.034205231
3689	0.089583333
3690	-0.003824092
3691	0.028790787
3692	0.03358209
3693	-0.003610108
3694	0.019927536
3695	-0.023090586
3696	-0.016363636
3697	-0.03142329
3698	0.062977099
3699	-0.014362657
3700	-0.023679417
3701	0.024253731
3702	-0.030965392
3703	-0.109022556
3704	-0.054852321
3705	0.149553571
3706	0.085436893
3707	-0.100178891
3708	0.007952286
3709	0.017751479
3710	0
3711	0.129844961
3712	0.018867925
3713	-0.154882155
3714	0.13247012
3715	0.062445031
3716	0.03807947
3717	-0.127591707
3718	0.042047532
3719	-0.115789474
3720	-0.011904762
3721	0.092369478
3722	0.001838235
3723	0.001834862
3724	-0.003663004
3725	0.091911765
3726	0.03030303
3727	0.049019608
3728	0
3729	-0.133333333
3730	0.054807692
3731	0.084776664
3732	-0.172268908
3733	0.006091371
3734	-0.093844601
3735	0.233853007
3736	0.059566787
3737	0.168654174
3738	0.032069971
3739	-0.05579096
3740	0.05684368
3741	0.041755131
3742	0.10326087
3743	0.001847291
3744	0.102642901
3745	-0.034559643
3746	-0.07852194
3747	0.002506266
3748	0.081875
3749	-0.094165222
3750	0.139030612
3751	0.101903695
3752	-0.026422764
3753	-0.082463466
3754	-0.078498294
3755	-0.019753086
3756	-0.133501259
3757	0.014534884
3758	0.033667622
3759	-0.092169092
3760	0.050381679
3761	0.051598837
3762	0.000691085
3763	-0.043508287
3764	-0.135018051
3765	0.015025042
3766	0.120888158
3767	0.028613353
3768	0.084878745
3769	-0.015779093
3770	0.091349451
3771	0.104208024
3772	-0.013303769
3773	0.02247191
3774	0.008241758
3775	-0.064850136
3776	0.025641026
3777	0.056818182
3778	0.006989247
3779	-0.013347571
3780	0.012445887
3781	0.047568145
3782	-0.013265306
3783	-0.04705274
3784	0.046120456
3785	0.034751037
3786	-0.097744361
3787	0.030555556
3788	0.022102426
3789	-0.016877637
3790	0
3791	0.038090129
3792	0.019121447
3793	0.047667343
3794	-0.054211036
3795	0.018935517
3796	0.052737318
3797	0.051526718
3798	0.012250454
3799	0.004930524
3800	-0.023193577
3801	0.019634703
3802	0.024630542
3803	-0.082604895
3804	-0.022391615
3805	-0.015107212
3806	0.008906482
3807	-0.128003923
3808	-0.028121485
3809	-0.031828704
3810	-0.029288703
3811	-0.022167488
3812	-0.018891688
3813	-0.017971759
3814	0.092810458
3815	-0.004784689
3816	-0.019230769
3817	-0.045343137
3818	-0.071887035
3819	0.152835408
3820	0.079184163
3821	-0.03946637
3822	0.041666667
3823	0.150555556
3824	0.087397393
3825	-0.011545293
3826	-0.004941599
3827	0.069074492
3828	-0.022804054
3829	0.017286085
3830	0.025276228
3831	-0.010980003
3832	0.022203603
3833	-0.034016393
3834	-0.044548154
3835	-0.026642984
3836	-0.047445255
3837	-0.042145594
3838	0.0395
3839	0.101010101
3840	-0.066841415
3841	-0.005149813
3842	0.097411765
3843	-0.006003431
3844	0.115616911
3845	-0.013147718
3846	0.03369906
3847	0.003790751
3848	0.009063444
3849	0.005239521
3850	-0.037974684
3851	-0.022058824
3852	-0.009497428
3853	-0.009188973
3854	-0.033467742
3855	0.005423446
3856	-0.012033195
3857	-0.048299034
3858	0
3859	0.047661077
3860	-0.056444819
3861	-0.064285714
3862	-0.072638298
3863	-0.0343409
3864	-0.10548748
3865	0.004615919
3866	-0.017044687
3867	0.008443908
3868	0.124401914
3869	0.039361702
3870	0.064994882
3871	0.033157136
3872	0.002325581
3873	-0.075638051
3874	0.063253012
3875	-0.081208687
3876	-0.062692703
3877	0.089912281
3878	0.058350101
3879	0.058935361
3880	-0.077199282
3881	0.00911965
3882	-0.005181347
3883	0.131782946
3884	-0.003424658
3885	-0.054982818
3886	-0.069090909
3887	-0.029296875
3888	-0.08249497
3889	0.043859649
3890	-0.038865546
3891	-0.06284153
3892	-0.095043732
3893	-0.082474227
3894	0.157303371
3895	0.010315534
3896	0.016216216
3897	0.101654846
3898	0.084763948
3899	-0.019287834
3900	0.052950076
3901	-0.134099617
3902	-0.071349558
3903	0.075640262
3904	0.089700997
3905	0.138719512
3906	0.101294065
3907	0.040923825
3908	0.045153756
3909	-0.001862197
3910	0.026865672
3911	-0.061046512
3912	-0.048374613
3913	-0.015046767
3914	-0.004541701
3915	0.081708835
3916	0.127300613
3917	0.009863946
3918	0.045469855
3919	-0.005154639
3920	-0.041450777
3921	-0.004054054
3922	0.028493894
3923	0.018469657
3924	-0.064119171
3925	0.097231834
3926	-0.052034059
3927	-0.080505655
3928	0.018089725
3929	-0.057924662
3930	0.006412674
3931	0.012368816
3932	0.000740466
3933	0.125416204
3934	0.004602235
3935	-0.058900524
3936	0.011126565
3937	-0.117950481
3938	0.001169591
3939	-0.109034268
3940	-0.001311189
3941	0.055142232
3942	-0.048942348
3943	-0.030091583
3944	-0.136690647
3945	-0.123958333
3946	-0.104637337
3947	0.067729084
3948	0.055970149
3949	-0.010600707
3950	-0.007142857
3951	-0.123501199
3952	0.124487004
3953	-0.03406326
3954	-0.046599496
3955	-0.041611625
3956	-0.048931771
3957	-0.012318841
3958	-0.018341893
3959	-0.04857997
3960	0.040062844
3961	-0.104984894
3962	-0.099578059
3963	0.122774133
3964	0.022537563
3965	0.096326531
