1	-0.02855356
2	-0.003552939
3	-0.00453812
4	-0.058612799
5	0
6	-0.02248357
7	-0.023354565
8	0.055434746
9	0.007209097
10	0.013633265
11	0.022192334
12	0.025328947
13	-0.013795316
14	0.006180872
15	0.015195603
16	-0.011464936
17	-0.023195908
18	0.036609499
19	-0.008908686
20	0.01187801
21	-0.019670051
22	0.022006472
23	0.030399018
24	-0.023663214
25	-0.00535096
26	0.020253228
27	0.027915538
28	0.016596259
29	-0.034728377
30	-0.02398524
31	-0.013547606
32	0.051740692
33	0.035529851
34	0.031964841
35	0.014208582
36	0.011487784
37	0.003878227
38	-0.008554139
39	-0.040077874
40	0.044650534
41	0.031085291
42	-0.012920699
43	-0.005726725
44	0.021667609
45	-0.00348996
46	-0.011584052
47	-0.000545135
48	0.020452687
49	0.00668092
50	0.001327396
51	0.00318131
52	0.026691279
53	0.009266435
54	0.000765187
55	0.012487206
56	-0.004782255
57	0.003540693
58	-0.019405242
59	-0.013621151
60	0.006513809
61	0.003365182
62	-0.021671828
63	-0.008175027
64	-0.010103722
65	0.026860059
66	0.009939864
67	0.019943019
68	-0.001269655
69	-0.001017061
70	-0.009671697
71	0.02955541
72	0.025212156
73	-0.003165352
74	-0.007083464
75	0.00196797
76	-0.005401473
77	0.009874155
78	0.001222171
79	-0.0078125
80	-0.004183022
81	0.00148253
82	0.010115964
83	0.027357157
84	-0.01022349
85	0.00912796
86	0.019043157
87	0.001635132
88	0.007695849
89	-0.001388498
90	0.004634901
91	-0.009457878
92	0.003027504
93	0.007197609
94	-0.012217681
95	0.014935917
96	0.004368774
97	-0.020375435
98	-0.042299625
99	0.082479283
100	0.008791681
101	0.004469296
102	-0.012235795
103	-0.012612657
104	-0.005474498
105	0.011238578
106	-0.004989816
107	-0.05037609
108	-0.008641407
109	0.017917724
110	0.011179757
111	0.00141148
112	0.016678389
113	0.024491706
114	0.000451083
115	0.00360683
116	-0.018418666
117	0.0064073
118	0.011596226
119	0.003821038
120	-0.004702172
121	0.029921214
122	-0.001092158
123	-0.004373518
124	-0.016692269
125	0.009157918
126	0.009960181
127	-0.010081153
128	-0.034536132
129	0.001375762
130	0.010991619
131	-0.000453024
132	0.007024654
133	0.011476193
134	0.003336974
135	-0.013968892
136	-0.006071509
137	0.004977308
138	0.006753782
139	0.007155635
140	-0.001332171
141	-0.006891996
142	-0.019699956
143	-0.006394222
144	-0.01470924
145	0.001866154
146	-0.010477322
147	0.004235294
148	0.007029053
149	0.010702629
150	0.016574609
151	-0.003849592
152	-0.031143508
153	0.03496016
154	0.003853956
155	0.00383925
156	-0.000449966
157	-0.023632658
158	0.003457768
159	0.013324191
160	0.00589431
161	-0.016227113
162	-0.002749209
163	0.020445647
164	-0.011031023
165	-0.022080606
166	0.002560545
167	-0.011609009
168	0.008691543
169	0.014205869
170	0.011481057
171	0.014756005
172	-0.000223758
173	-0.015663393
174	-0.005910479
175	0.062428516
176	0.032931619
177	0.030214564
178	-0.009910963
179	-0.001225781
180	-0.014522377
181	-0.011415504
182	-0.024354398
183	-0.005164644
184	0.027687605
185	0.0166281
186	0.010351967
187	0.0188525
188	0.010257421
189	-0.032649811
190	0.012759807
191	-0.001625645
192	0.021168267
193	0.006776959
194	0.014056682
195	-0.013471339
196	0.006530814
197	-0.004128962
198	-0.012438341
199	0.022591004
200	-0.005278612
201	0.000589603
202	-0.0155176
203	-0.025339206
204	0.019856746
205	0.008430389
206	-0.005971397
207	-0.014617541
208	0.026417375
209	-0.017620254
210	0.027609896
211	-0.011374818
212	-0.002578873
213	0.007756544
214	-0.01124926
215	0.032734612
216	0.003672168
217	-0.004043886
218	0.002126856
219	-0.015242156
220	0.0041144
221	-0.013073132
222	0.023131632
223	0.011980657
224	-0.01183882
225	-0.024154589
226	0.001980158
227	-0.030632393
228	0.00733947
229	-0.017405404
230	-0.01277032
231	-0.009805988
232	-0.008006679
233	-0.015717969
234	-0.006258114
235	-0.009120478
236	-0.004383103
237	0.009685208
238	-0.025506824
239	-0.026845659
240	-0.020689701
241	-0.014084461
242	-0.043333333
243	-0.022399228
244	-0.021130296
245	-0.008582627
246	-0.007869859
247	0.003966182
248	0.010797998
249	0.03178731
250	0.03787879
251	-0.000486521
252	-0.00365146
253	0.014414855
254	-0.011801566
255	-0.012917353
256	-0.004444444
257	0.010664683
258	-0.005644172
259	0.003455084
260	-0.04205605
261	0.023876764
262	-0.020812487
263	-0.010243201
264	0.05899089
265	0.02834107
266	0.011879306
267	0.002817539
268	-0.003746195
269	0.007755629
270	-0.03777992
271	-0.002908362
272	-0.008750608
273	0.025257529
274	-0.053097368
275	-0.010103587
276	-0.008165349
277	0.010290739
278	-0.019353247
279	-0.005193379
280	-0.003393396
281	-0.010214746
282	-0.002117015
283	0.007955423
284	-0.009734255
285	-0.003719421
286	0.008800053
287	-0.011895347
288	-0.024344569
289	-0.003016178
290	-0.004675522
291	-0.018513374
292	0.00760138
293	0.003352864
294	-0.006961849
295	0.003645569
296	-0.002514669
297	0.023249243
298	-0.024911033
299	0.005334138
300	0.022060792
301	-0.025136559
302	0.006165975
303	0.00612805
304	0.001384247
305	-0.040364918
306	-0.031979286
307	-0.00952378
308	0.001502494
309	-0.00360045
310	0.01746468
311	0.053862088
312	0.00252738
313	-0.007563053
314	-0.014112334
315	-0.002290352
316	-0.009182181
317	0.028670751
318	0.017454927
319	-0.007194189
320	-0.014771544
321	-0.006223395
322	-0.025049843
323	-0.017226277
324	-0.01218063
325	0.006917293
326	0.004778943
327	0.012187872
328	0.018502233
329	0.007497088
330	-0.014596423
331	0.011036915
332	0.061189254
333	-0.004331348
334	-0.004078249
335	-0.008736008
336	-0.007435968
337	-0.003329717
338	-0.027282824
339	-0.006010275
340	-0.002303426
341	0.006349119
342	-0.006309062
343	0.007215007
344	-0.003438481
345	0.009775733
346	-0.002847352
347	-0.009137607
348	-0.009798271
349	-0.014260826
350	0.000590493
351	-0.014163441
352	0.011673122
353	0.010946716
354	0.006731168
355	0.001453459
356	-0.020029114
357	0.004739337
358	0.004422229
359	0.071030291
360	0.011509947
361	-0.001083744
362	-0.009764063
363	-0.015338182
364	-0.003337941
365	-0.051353611
366	0.014415945
367	0.022041821
368	0.005675283
369	0.019751694
370	0.007194328
371	-0.000549478
372	-0.000824711
373	-0.058872053
374	-0.022215669
375	-0.017339372
376	0.016124217
377	0.044011884
378	-0.029824979
379	-0.022465325
380	0.035984215
381	0.04378284
382	0.02460853
383	-0.004093805
384	-0.016168812
385	0
386	-0.008635153
387	-0.003933661
388	0.013540169
389	0.020873922
390	0.034351118
391	-0.004480733
392	0.022239899
393	0.021756021
394	-0.008618504
395	-0.038609127
396	-0.009840373
397	0.007252216
398	0.001600027
399	0.01304574
400	0.017082839
401	0.024806175
402	-0.004034291
403	0.003291165
404	-0.034822129
405	0.01098034
406	-0.005171891
407	-0.02209519
408	-0.009569405
409	0.004294149
410	-0.003473998
411	0.01340842
412	0.000529241
413	0.013224014
414	-0.002088254
415	0.007585666
416	-0.010643795
417	0.010233508
418	-0.019220831
419	-0.014035965
420	-0.026591405
421	-0.020695363
422	0.004790025
423	-0.021312339
424	0.031805041
425	-0.019438962
426	-0.011894704
427	0.09544288
428	-0.041077942
429	0.034379207
430	0.039039805
431	0.020055878
432	-0.016426083
433	0.012398735
434	0.008247988
435	0.018096182
436	0.001704383
437	-0.027953258
438	0.0310077
439	-0.007518846
440	0.002443842
441	-0.002437884
442	-0.024193501
443	0.004758302
444	-0.013210344
445	0.021470043
446	-0.005934669
447	0.007213955
448	0.003951593
449	0.004919951
450	-0.001958335
451	-0.01594312
452	0.001994068
453	-0.003980099
454	-0.013236838
455	0.005568261
456	0
457	-0.009564611
458	-0.004828412
459	0.027068463
460	-0.033565439
461	-0.000257216
462	0.000257283
463	-0.019037767
464	-0.041174927
465	0.012308452
466	-0.000810538
467	-0.00054086
468	-0.008658009
469	-0.009552347
470	0.005511188
471	-0.005206988
472	-0.018732783
473	-0.027793319
474	0.010106815
475	0.014008033
476	0.006202368
477	-0.01653127
478	-0.029344674
479	-0.007337834
480	-0.020697842
481	-0.03049511
482	0.023980068
483	0.002737226
484	0.006672672
485	-0.000301265
486	-0.007233303
487	-0.011232514
488	0.018421799
489	-0.024721135
490	-0.003091128
491	0.025736496
492	0.000604474
493	0.025377675
494	0.00353571
495	-0.018496799
496	-0.020640084
497	0.010690225
498	0.008764007
499	0.018573966
500	0.004411824
501	-0.008199209
502	-0.025391232
503	-0.002423448
504	0.036744579
505	0.021968366
506	-0.028948066
507	0.007674085
508	0.004979555
509	-0.033226551
510	0.011456166
511	-0.023844978
512	-0.043053435
513	-0.002233567
514	-0.032299328
515	0.022141441
516	0.003233139
517	-0.019013857
518	-0.014454697
519	-0.012666633
520	-0.012153983
521	0.013328776
522	-0.0155143
523	0.009934875
524	-0.008141113
525	-0.036593707
526	0.002129925
527	-0.005667729
528	-0.010331279
529	-0.023758098
530	0.006637094
531	-0.006959634
532	-0.00405758
533	0.025925963
534	0.010469278
535	-0.003215434
536	-0.030107563
537	0.002217369
538	-0.007743399
539	0.015235972
540	-0.006588616
541	0.033529846
542	0.010338717
543	0.000352858
544	-0.023633157
545	-0.007225434
546	-0.003275146
547	-0.002555641
548	0.012811127
549	-0.000722804
550	0.011211537
551	0.004649535
552	-0.00142403
553	-0.004278039
554	0.006444719
555	0.005691889
556	-0.01521047
557	-0.017241343
558	0.018274853
559	0.044867191
560	0.018893816
561	0
562	-0.093728962
563	0.017113133
564	-0.004023409
565	-0.006977562
566	-0.017751553
567	0.00451811
568	-0.043103411
569	0.005875401
570	-0.003504673
571	-0.023446659
572	0.010004002
573	-0.004358201
574	0.013529646
575	-0.00706706
576	-0.013048714
577	-0.035657013
578	0.046530993
579	0.006351687
580	0.035108481
581	0.016006098
582	-0.004501088
583	-0.009796533
584	0.003424657
585	-0.018202578
586	0.019698765
587	0.012878788
588	0.011219185
589	-0.030695339
590	-0.017550516
591	0.019805825
592	0.004950457
593	-0.003410383
594	0.001140722
595	-0.019749373
596	0.010073654
597	0.009973149
598	-0.011773642
599	0.019984666
600	0.01733229
601	-0.015555556
602	-0.002257336
603	0.002262443
604	0.028592927
605	-0.025603548
606	-0.009384385
607	0.016673021
608	-0.021990309
609	0.006478659
610	-0.012873911
611	-0.03452244
612	-0.003972984
613	-0.003988871
614	-0.0268322
615	0.017695515
616	-0.012131015
617	0.01023332
618	0.021069733
619	-0.017857182
620	-0.014949535
621	-0.017637326
622	-0.020041836
623	-0.00894755
624	0.018916638
625	0.003797468
626	0.007986507
627	0.029608048
628	-0.008100486
629	-0.011841527
630	-0.015289297
631	-0.014687369
632	-0.007666141
633	0.009442103
634	-0.005952423
635	0.017108726
636	-0.011774642
637	0.001276638
638	0.002549894
639	0
640	-0.00890212
641	-0.005132549
642	-0.017196862
643	-0.033245887
644	0.003167421
645	-0.00721696
646	0.002726034
647	0.016311735
648	-0.004012483
649	0.002685765
650	0.008928571
651	0.013274336
652	-0.008733581
653	0.004405198
654	0.006579035
655	-0.010893246
656	-0.033480175
657	-0.028714766
658	-0.007038902
659	-0.018903592
660	-0.001445087
661	0.023637192
662	-0.018378842
663	0.004320691
664	0.017686472
665	-0.012682057
666	0.007611798
667	-0.001416431
668	0.002836832
669	-0.014615701
670	-0.019138756
671	-0.008780488
672	-0.023129921
673	-0.009571788
674	-0.016276704
675	0.021716649
676	-0.006578998
677	0.024961896
678	-0.02087475
679	0.030964364
680	0.002954308
681	0.003436426
682	-0.016144813
683	-0.010442615
684	0.006030151
685	0.005494456
686	-0.002980576
687	-0.027404086
688	-0.004610656
689	-0.007205301
690	-0.015552151
691	0.017377567
692	0.017598344
693	-0.013224822
694	0.023711392
695	-0.004028197
696	0.015166784
697	-0.008964143
698	-0.020100503
699	0.005128205
700	-0.001530612
701	0.00408789
702	-0.015267176
703	0.017571111
704	-0.004570899
705	0.001020459
706	0.003567788
707	-0.002539462
708	-0.014765734
709	0.001550336
710	0.007223994
711	-0.004610656
712	-0.011837313
713	0
714	-0.016145937
715	0.002117576
716	-0.02007401
717	0.011859893
718	0.005327704
719	0.002119714
720	0.001057641
721	-0.008980454
722	-0.010127932
723	-0.00915455
724	-0.008695652
725	0.006579002
726	-0.027233114
727	0.001679619
728	-0.003353773
729	0.001121705
730	-0.019047619
731	-0.014277556
732	-0.001158749
733	0.008700638
734	0.004025302
735	-0.005154525
736	-0.014968335
737	-0.009351256
738	-0.006489734
739	-0.002969062
740	-0.010720666
741	-0.003612402
742	0.007250816
743	-0.053989202
744	0.004438808
745	0.01010101
746	0.005625
747	-0.010565569
748	-0.015075377
749	0.012755102
750	0.002518892
751	-0.005653266
752	0.001263424
753	0.01135653
754	0.003742919
755	0.011187073
756	-0.00368783
757	-0.016656324
758	-0.006900878
759	0.009475679
760	0.003754756
761	-0.026808041
762	0.004484305
763	0.020408163
764	-0.01625
765	0.00317662
766	0.004433186
767	0.003152585
768	-0.014456317
769	0.005739796
770	-0.010779962
771	-0.012820513
772	-0.015584416
773	-0.003298153
774	0.007279947
775	-0.007227332
776	-0.001323627
777	-0.01325381
778	-0.0161182
779	0.001365188
780	0.011588275
781	-0.008086253
782	0.008831522
783	0.004713805
784	-0.003351206
785	0.003362475
786	0.003351206
787	-0.000668003
788	0.004679144
789	-0.002661344
790	-0.015343562
791	-0.00203252
792	0.019687712
793	0.008655126
794	0.056765677
795	0.009993754
796	0.003092084
797	-0.011097288
798	-0.004364152
799	-0.01377583
800	0.015238095
801	-0.009380863
802	0.008838384
803	0.008135232
804	-0.019242767
805	-0.018987342
806	-0.004516129
807	0.021386909
808	0.010152284
809	-0.011934673
810	-0.001907184
811	-0.006369427
812	0.003205128
813	0.005750799
814	-0.00317662
815	0.007010835
816	0.001265823
817	-0.004424779
818	0.001904762
819	0.004435995
820	0.008201893
821	-0.008760951
822	-0.000631313
823	-0.024005054
824	0.004530744
825	-0.010953608
826	0.005863192
827	0.011010363
828	-0.005765535
829	0.014175258
830	-0.005717916
831	-0.010223642
832	-0.008392511
833	0
834	-0.001302083
835	0.008474576
836	-0.010989011
837	0.022875817
838	-0.018530351
839	0
840	-0.016927083
841	-0.005960265
842	-0.005996003
843	0.021447721
844	0.000656168
845	0.01442623
846	-0.007110537
847	-0.000651042
848	0.001954397
849	-0.005851756
850	0.018966645
851	-0.010269576
852	-0.035667964
853	0.027572293
854	0.007853403
855	0.006493506
856	-0.02
857	0.016458196
858	-0.009067358
859	0.003921569
860	-0.000651042
861	-0.013029316
862	0.01650165
863	0.017532468
864	-0.002552648
865	-0.005758157
866	0.001930502
867	-0.002569043
868	-0.001931745
869	-0.004516129
870	-0.006480881
871	0.017612524
872	-0.012820513
873	0.005844156
874	-0.030987734
875	-0.014656895
876	0.00540906
877	0.012777404
878	-0.011952191
879	0.007392473
880	0.007338225
881	-0.001986755
882	0.0132714
883	-0.00589391
884	0.018445323
885	-0.015523933
886	0.005256242
887	0.00130719
888	0.007180157
889	0.00712897
890	-0.00965251
891	0.006497726
892	0.001291156
893	-0.006447453
894	-0.016872161
895	0.001980198
896	-0.019104084
897	-0.017461383
898	-0.005468216
899	-0.004123711
900	0.009661836
901	-0.000683527
902	0
903	-0.013679891
904	0.013869626
905	0.006839945
906	0.014266304
907	-0.006697924
908	0.004720162
909	-0.002684564
910	0.002018843
911	-0.007387508
912	-0.01894452
913	0.017241379
914	0.017627119
915	0.023317788
916	-0.015625
917	0.016534392
918	0.048796422
919	0.001240571
920	-0.00867404
921	-0.01375
922	0.003168568
923	-0.000631712
924	0.006321113
925	-0.012562814
926	0.000636132
927	-0.016528926
928	0.005171299
929	0.01221865
930	-0.013341804
931	0.001931745
932	0.008354756
933	-0.000637349
934	0.017857143
935	0.010025125
936	-0.012407009
937	-0.030778894
938	0.003240441
939	0.011627907
940	-0.008301405
941	-0.00128783
942	-0.003223727
943	0.003880983
944	0.007731959
945	0.008951407
946	0.032319455
947	-0.009822099
948	0
949	-0.021698637
950	0.01964512
951	0.006215103
952	-0.0117357
953	-0.000625
954	-0.055034396
955	-0.032428855
956	0.023255814
957	0.013368984
958	-0.009234828
959	0.026631158
960	0.003242542
961	0.030381383
962	-0.020702635
963	0.000640615
964	0.014084507
965	0.003156566
966	0.010069163
967	0.011215016
968	-0.032039433
969	-0.000636537
970	-0.022292994
971	-0.016286645
972	-0.010596026
973	0.002008032
974	0.001336005
975	0.026017345
976	-0.00260078
977	0.024771838
978	0.013358779
979	0.004394225
980	0.016875
981	-0.019668101
982	-0.001880878
983	0.003140704
984	-0.017532874
985	-0.028680688
986	0.015748031
987	-0.024547804
988	-0.011258278
989	0.047555258
990	0.058823465
991	0.004227053
992	-0.019843657
993	-0.00368092
994	0.028940825
995	-0.035308081
996	0.003722022
997	-0.014833127
998	-0.029485571
999	0.014867485
1000	0.013375796
1001	0.001257071
1002	-0.010043942
1003	0.005707039
1004	-0.001261034
1005	-0.023358586
1006	0.011635423
1007	0.017252396
1008	-0.091708543
1009	-0.064315353
1010	-0.026607539
1011	0.018982536
1012	0.057377049
1013	0.024665257
1014	0.014442916
1015	-0.002711864
1016	-0.048946295
1017	-0.002144389
1018	0.028653295
1019	0.017409471
1020	0.024640657
1021	-0.005344021
1022	-0.022834117
1023	-0.019931271
1024	0
1025	0.01542777
1026	-0.002762431
1027	-0.057479224
1028	-0.05143277
1029	-0.003098373
1030	0.037296037
1031	0.019475655
1032	0.016899339
1033	-0.011560694
1034	-0.06871345
1035	0.010204082
1036	0.021756022
1037	0.015209125
1038	-0.038202247
1039	0.00623053
1040	0.003095975
1041	0.039351852
1042	0.00074239
1043	-0.00074184
1044	0.008908686
1045	-0.053715968
1046	-0.084758942
1047	0.027187766
1048	-0.082712986
1049	0.058611362
1050	0.022146508
1051	0.085
1052	-0.019969278
1053	0.026645768
1054	0
1055	0.030534351
1056	0.006666667
1057	0.025754231
1058	-0.017934003
1059	0.021183346
1060	-0.027896996
1061	-0.008094187
1062	0.082344214
1063	-0.011651816
1064	0.018723994
1065	-0.004084411
1066	0.019138756
1067	-0.003353454
1068	0.012786003
1069	0.037209302
1070	0.0128123
1071	-0.0056926
1072	-0.014631043
1073	-0.002582311
1074	-0.026537217
1075	-0.009973404
1076	0.00402955
1077	-0.004682274
1078	0.000672043
1079	0.012760242
1080	0.00994695
1081	0.007879186
1082	-0.023452769
1083	-0.019346231
1084	0.005442177
1085	0.00202977
1086	0.026333558
1087	-0.002631579
1088	0.002638522
1089	0.001315789
1090	-0.007884363
1091	0.023178808
1092	0
1093	0.014886731
1094	0.021683673
1095	-0.010611735
1096	0.044163975
1097	-0.032024111
1098	-0.002496879
1099	0.010638298
1100	-0.000619257
1101	-0.00495663
1102	0.014943961
1103	0.003067546
1104	-0.023853211
1105	0.002506266
1106	-0.011875
1107	0.046805756
1108	0.037462298
1109	0.001747292
1110	0.078488251
1111	0.000539084
1112	0.004849192
1113	-0.011796247
1114	-0.012479598
1115	-0.015384669
1116	0.01227673
1117	-0.024255679
1118	-0.010734519
1119	-0.014277556
1120	0.001158806
1121	-0.009837962
1122	-0.015195849
1123	0.001187003
1124	-0.044457614
1125	0.014267927
1126	0.016513823
1127	0.004211793
1128	-0.002995926
1129	-0.016826804
1130	0.014058618
1131	0.01084991
1132	0.013714967
1133	0.002941118
1134	0.003519179
1135	-0.014026884
1136	-0.001778364
1137	-0.009501188
1138	0.003597122
1139	0.000597372
1140	-0.010149254
1141	0.022919119
1142	-0.007665036
1143	-0.041592454
1144	0.014259269
1145	-0.004278728
1146	-0.015960711
1147	-0.010605177
1148	0.003152585
1149	0.026398492
1150	0.060012186
1151	0.006354766
1152	-0.020665959
1153	0.034583882
1154	-0.040226572
1155	-0.01416765
1156	0.02275443
1157	-0.012880504
1158	-0.013641873
1159	-0.031870056
1160	0.01863354
1161	0.006097561
1162	-0.007878727
1163	0.012828283
1164	0.019903498
1165	0.044352454
1166	0.006228766
1167	-0.000562746
1168	-0.031531475
1169	-0.018023371
1170	-0.002368206
1171	-0.013649792
1172	-0.011432069
1173	0.010346926
1174	0.012048133
1175	-0.000595119
1176	-0.005955926
1177	-0.007189994
1178	-0.011466566
1179	-0.015872895
1180	-0.017990135
1181	0.023373405
1182	-0.038888948
1183	0.028901734
1184	0.004369538
1185	-0.007458048
1186	0.016280526
1187	0.004929082
1188	0.011649357
1189	0.018787818
1190	-0.003569245
1191	-0.005970149
1192	-0.004204204
1193	0.001206273
1194	0.018072289
1195	0.009467396
1196	-0.008792439
1197	-0.018923714
1198	0.009644364
1199	-0.007164239
1200	0.007817258
1201	-0.008949821
1202	-0.010836905
1203	0.003043214
1204	0.014563046
1205	-0.005382775
1206	-0.001803909
1207	-0.019277048
1208	0.006142383
1209	0.007936569
1210	-0.003634101
1211	0.010942127
1212	0.004209381
1213	0.018562813
1214	-0.003527278
1215	0.004129734
1216	-0.004700294
1217	-0.036009502
1218	0.00122474
1219	-0.001223242
1220	-0.011022658
1221	-0.020433437
1222	0.035398167
1223	-0.00976801
1224	0.011713996
1225	-0.013406399
1226	0.022853488
1227	0.000603925
1228	0.025347013
1229	-0.049440848
1230	0.005572755
1231	0.022167488
1232	-0.003012108
1233	0.015105741
1234	0.008333453
1235	0.001770838
1236	-0.031231469
1237	-0.010340693
1238	-0.004302336
1239	-0.001851913
1240	0.00123692
1241	-0.002470723
1242	0.021052632
1243	-0.005457853
1244	0.001219512
1245	0.002435993
1246	-0.00364514
1247	-0.005487866
1248	-0.020846047
1249	-0.010644959
1250	-0.019620253
1251	0.028405423
1252	0.020087884
1253	-0.019692308
1254	-0.042686755
1255	-0.053770492
1256	-0.001386001
1257	0.0055517
1258	-0.017943409
1259	0.02037948
1260	0.006198347
1261	-0.022587269
1262	-0.00070028
1263	-0.007007708
1264	0.011997177
1265	0.00348675
1266	-0.007644197
1267	0.015406162
1268	-0.022758621
1269	-0.009174312
1270	0.00997151
1271	-0.022566996
1272	0.002164502
1273	0.021598272
1274	0.005637773
1275	-0.044849334
1276	0.007336757
1277	-0.003641661
1278	-0.002192982
1279	0.007326007
1280	-0.016
1281	0.006651885
1282	-0.008076358
1283	-0.010362694
1284	-0.019446522
1285	0.005339436
1286	0.018968134
1287	-0.016381236
1288	0.003785011
1289	0.010558069
1290	0.018656716
1291	0.01025641
1292	0.004350979
1293	0.010108303
1294	-0.003573981
1295	-0.010760402
1296	0.002900653
1297	0.001446132
1298	0.001444043
1299	0.034607066
1300	0.003484321
1301	-0.004166667
1302	-0.012552301
1303	0.001412429
1304	-0.016925247
1305	0.004304161
1306	-0.008571429
1307	-0.008645533
1308	0.007994186
1309	0.005767844
1310	0.014336918
1311	-0.01130742
1312	-0.007862759
1313	0.002161383
1314	0.092739037
1315	-0.006578947
1316	-0.013245033
1317	0.031543624
1318	0
1319	0.009759271
1320	-0.037371134
1321	-0.00334672
1322	-0.019476158
1323	-0.01369863
1324	-0.01875
1325	-0.004246285
1326	0.001421464
1327	-0.01774308
1328	0.014450867
1329	0.049145299
1330	0.005431093
1331	0.001350439
1332	0.026972353
1333	-0.009192383
1334	0.007952286
1335	0.021696252
1336	0.003861004
1337	-0.007051282
1338	0.010329245
1339	-0.030670927
1340	0.007910349
1341	-0.012426422
1342	-0.027152318
1343	0.006807352
1344	0.010141988
1345	0.004016064
1346	0.028666667
1347	-0.016202203
1348	-0.010540184
1349	0.021304927
1350	0.022816167
1351	-0.015296367
1352	-0.009061489
1353	0.015022861
1354	-0.003861004
1355	-0.024547804
1356	0.045695364
1357	0.015199557
1358	0.014971864
1359	0.007375476
1360	-0.015253204
1361	0.020446098
1362	-0.003642927
1363	-0.004875076
1364	-0.063686467
1365	0.041203401
1366	0.03580402
1367	-0.010309278
1368	0.038603002
1369	-0.02477876
1370	0.026618147
1371	-0.012963996
1372	0.010149254
1373	0.027777719
1374	0.014376079
1375	0.004535148
1376	-0.015236908
1377	0.053295011
1378	0.00054407
1379	-0.01196297
1380	0.044028564
1381	-0.031101741
1382	-0.010881339
1383	-0.029703025
1384	-0.006802665
1385	-0.009703196
1386	-0.027665648
1387	0.002963782
1388	-0.024231678
1389	-0.013325197
1390	0.014732964
1391	0.004839685
1392	-0.003010355
1393	-0.001207609
1394	-0.013301148
1395	-0.014093137
1396	-0.003728962
1397	0.019338676
1398	0.006120012
1399	0.007299148
1400	-0.003623128
1401	-0.008484788
1402	0.006112347
1403	-0.008505408
1404	0.012867708
1405	0.015728977
1406	-0.015485407
1407	-0.000605021
1408	-0.027845097
1409	-0.015566564
1410	-0.015180266
1411	0.010276172
1412	0.003814367
1413	-0.030398987
1414	-0.004572175
1415	0.022965879
1416	-0.013470173
1417	0.007152146
1418	0.0058102
1419	-0.002567394
1420	-0.006435006
1421	-0.001943005
1422	-0.015574302
1423	0.003295979
1424	-0.027595269
1425	0.018243243
1426	-0.00530856
1427	0.013342228
1428	-0.011849901
1429	0.029980013
1430	-0.018758085
1431	-0.007910349
1432	-0.002657807
1433	0.028647568
1434	0.034974093
1435	0.000625782
1436	-0.008130081
1437	0.001261034
1438	0.020151196
1439	0.011110987
1440	0.022588585
1441	0.004179104
1442	0.017835969
1443	-0.012850525
1444	-0.013017751
1445	0.003597122
1446	-0.002389427
1447	0
1448	0.028143651
1449	0.003494467
1450	-0.00754498
1451	-0.018713392
1452	0.011918891
1453	-0.003533569
1454	-0.002364125
1455	-0.009478674
1456	-0.002990371
1457	-0.041391722
1458	-0.006257822
1459	0.016372733
1460	-0.019826457
1461	-0.001896334
1462	-0.003166561
1463	0.004447268
1464	-0.004427577
1465	-0.0158831
1466	-0.020012912
1467	0.017786561
1468	0
1469	-0.016828479
1470	-0.005266623
1471	0.013236267
1472	-0.011757022
1473	-0.010575017
1474	0.002004008
1475	0.02
1476	-0.003921569
1477	0.013779528
1478	-0.004530744
1479	0.014954486
1480	0.023702755
1481	0.004380413
1482	0.001246168
1483	-0.008711886
1484	0.004394225
1485	0.005625
1486	-0.003107458
1487	-0.001246945
1488	-0.004993758
1489	-0.00250941
1490	-0.013207547
1491	0.000637349
1492	0.00955414
1493	0.003154574
1494	0.014465346
1495	-0.005579542
1496	0.040523688
1497	0.0107849
1498	0.020746768
1499	0.026132464
1500	-0.000565931
1501	-0.027746319
1502	0.002911998
1503	-0.023809525
1504	-0.017251577
1505	0.026029116
1506	-0.004129911
1507	-0.007701363
1508	0.007164239
1509	0.042086482
1510	-0.005119454
1511	-0.010863408
1512	-0.028901736
1513	0.002381012
1514	0.032660273
1515	0.024151813
1516	-0.020213252
1517	0.001146017
1518	-0.022323928
1519	-0.01112418
1520	0.018946123
1521	-0.020336898
1522	0.010676156
1523	0.020539788
1524	0.006325532
1525	-0.029142857
1526	-0.034137728
1527	-0.0511883
1528	0.001284522
1529	-0.008980115
1530	-0.043365696
1531	-0.01962111
1532	0.000690131
1533	-0.015172414
1534	-0.003501401
1535	-0.003513703
1536	0.030324401
1537	0.016427105
1538	0.005387205
1539	0
1540	0.009377093
1541	-0.00530856
1542	-0.013342228
1543	-0.001352265
1544	0.001354096
1545	-0.00270453
1546	-0.012881356
1547	0.032967033
1548	0
1549	-0.02393617
1550	-0.014986376
1551	0.01175657
1552	-0.000683527
1553	0.008207934
1554	-0.004748982
1555	-0.010906612
1556	-0.011716058
1557	-0.0013947
1558	0.019553073
1559	0.036986301
1560	0.137384346
1561	-0.012775785
1562	0.028235294
1563	-0.006864931
1564	0.000576037
1565	-0.03569378
1566	0.015522388
1567	-0.009994121
1568	-0.038598515
1569	-0.029647991
1570	-0.033736474
1571	-0.011198946
1572	-0.00532978
1573	-0.02545211
1574	-0.011683849
1575	0.004172462
1576	0.032548476
1577	0.005365526
1578	0.028018679
1579	0.016223232
1580	0.01532567
1581	-0.010062893
1582	-0.013341804
1583	-0.00515132
1584	-0.049838188
1585	0.002043597
1586	0.074099252
1587	-0.029113924
1588	0.016949153
1589	0.023076923
1590	0.027568922
1591	0
1592	-0.012804817
1593	0.008029586
1594	0.004901961
1595	-0.012804817
1596	0.02779481
1597	0.000601022
1598	-0.021021081
1599	0.019632026
1600	-0.002406799
1601	-0.044632087
1602	-0.047348485
1603	-0.009940358
1604	0.022757697
1605	-0.019633508
1606	-0.007343124
1607	0.006052455
1608	0.014705882
1609	-0.000658762
1610	-0.01713909
1611	-0.010060362
1612	-0.016260163
1613	0.039944904
1614	0.029139073
1615	-0.025096525
1616	-0.02310231
1617	0.003378378
1618	-0.007407407
1619	-0.037991859
1620	-0.002820874
1621	0.010608204
1622	-0.018894332
1623	-0.027104137
1624	0.018328446
1625	0.060475162
1626	-0.012219959
1627	-0.004810997
1628	-0.006906077
1629	-0.050069541
1630	0.053440703
1631	0.002779708
1632	-0.028413028
1633	0.003566334
1634	0.024875622
1635	-0.065880721
1636	-0.040831477
1637	-0.008513932
1638	0.032786885
1639	0.008314437
1640	-0.029235382
1641	-0.015444015
1642	0.004705882
1643	-0.008587041
1644	0.037795276
1645	0.012898331
1646	0.014981273
1647	0.005904059
1648	0.033749083
1649	-0.034776437
1650	0.010294118
1651	-0.023289665
1652	0.04247392
1653	-0.055039314
1654	0.02193646
1655	0.006661732
1656	-0.015441176
1657	-0.011949216
1658	-0.0430839
1659	0.030805687
1660	-0.039846743
1661	0.05027933
1662	-0.050151976
1663	0.0064
1664	0.051669316
1665	-0.018896447
1666	-0.038520801
1667	0.021634615
1668	-0.061176471
1669	0.014202172
1670	-0.013179572
1671	0.020033389
1672	-0.016366612
1673	0.068219634
1674	-0.014018692
1675	-0.002369668
1676	0.009501188
1677	0.090196078
1678	-0.01942446
1679	-0.008804109
1680	-0.037749815
1681	-0.024615385
1682	-0.041798107
1683	-0.034567901
1684	0.000852515
1685	0.042589438
1686	-0.073529412
1687	-0.014991182
1688	0.013428827
1689	-0.003533569
1690	0.02748227
1691	-0.050043141
1692	0.052679382
1693	0.001725626
1694	0.068906115
1695	-0.024979855
1696	0.009917355
1697	0.074468085
1698	-0.004569688
1699	-0.027543994
1700	0.02281668
1701	-0.010769231
1702	-0.000777605
1703	-0.050583658
1704	-0.018852459
1705	-0.007518797
1706	0.038720539
1707	-0.001620746
1708	0.008116883
1709	-0.005636071
1710	0.055060729
1711	-0.023791251
1712	0.030660377
1713	0.019069413
1714	-0.047155689
1715	0.03299293
1716	-0.031939163
1717	0.052631579
1718	-0.090298507
1719	0.000820345
1720	-0.044262295
1721	-0.052315609
1722	0.040723982
1723	0
1724	-0.066086957
1725	0.0716946
1726	-0.080799305
1727	-0.048204159
1728	0.013902681
1729	-0.080313418
1730	-0.04685836
1731	0.02122905
1732	0.263676149
1733	-0.07965368
1734	0.017873942
1735	0.030499076
1736	-0.07264574
1737	0.097678917
1738	0.045814978
1739	0.027801179
1740	0.144262295
1741	-0.00286533
1742	-0.040948276
1743	-0.04494382
1744	0.005490196
1745	0.008580343
1746	-0.061098221
1747	0.018121911
1748	-0.063106796
1749	0.044905009
1750	0.045454545
1751	-0.02055336
1752	-0.02582728
1753	0.065451533
1754	0.00311042
1755	0.006976744
1756	-0.095458045
1757	0.076595745
1758	0.066403162
1759	-0.088954781
1760	0.029292107
1761	0.087747036
1762	0.059593023
1763	0.050068587
1764	0.045068583
1765	-0.02625
1766	0.088575032
1767	0.020047171
1768	-0.024277458
1769	0.120853147
1770	0.014799207
1771	-0.002604219
1772	-0.011488251
1773	-0.01320655
1774	0.064775107
1775	0.046757217
1776	-0.096061479
1777	0.023379384
1778	-0.021287643
1779	0.012201592
1780	-0.02777783
1781	-0.045821997
1782	-0.006779717
1783	0.038680319
1784	-0.009857612
1785	-0.018252212
1786	0.056901408
1787	-0.000533049
1788	0.033599947
1789	0.013931941
1790	-0.014249313
1791	-0.014455394
1792	0
1793	0.023048769
1794	-0.021505375
1795	0.003139665
1796	0.01304121
1797	0.015962925
1798	0.035985859
1799	-0.007827788
1800	0.003944773
1801	0.003438065
1802	-0.008321096
1803	-0.017769003
1804	0.014572915
1805	-0.009410648
1806	-0.009
1807	-0.022199849
1808	0.021671828
1809	0.004545455
1810	0.007038814
1811	0.005990963
1812	-0.001488784
1813	0.050198705
1814	-0.028395553
1815	-0.006819386
1816	0.049534137
1817	0.012616822
1818	0.035994509
1819	-0.000445434
1820	0.001782487
1821	-0.041814902
1822	0.047817964
1823	0.044306602
1824	-0.002969877
1825	0.013617021
1826	0.034424811
1827	-0.029626584
1828	-0.107068172
1829	-0.022014098
1830	-0.032566956
1831	0.022772227
1832	0.032429816
1833	0.00187534
1834	0.029948478
1835	0.001363062
1836	-0.026769509
1837	0.025174777
1838	0.03365166
1839	0.00791905
1840	0.014840681
1841	0.012473161
1842	-0.002973747
1843	0.002130422
1844	0.111819728
1845	0.009560229
1846	0.006818182
1847	-0.005267081
1848	-0.003025718
1849	0.018588732
1850	-0.026070764
1851	0.009560229
1852	0.013636364
1853	0.011584454
1854	0.003324714
1855	-0.005891016
1856	0.02666663
1857	-0.006854185
1858	-0.007264838
1859	0.005488474
1860	0.00727802
1861	-0.000722543
1862	0.003253796
1863	-0.021982018
1864	-0.021370671
1865	-0.048945747
1866	0.026524149
1867	0.011183918
1868	-0.02212052
1869	0.003120125
1870	-0.05248826
1871	0.176446402
1872	-0.064876212
1873	0.022379747
1874	-0.001824115
1875	-0.033991263
1876	0.013999205
1877	0.018656717
1878	0.028571466
1879	0.016381802
1880	0.000350315
1881	-0.004203117
1882	-0.01406961
1883	0.009989225
1884	-0.004945214
1885	-0.013134576
1886	0.019424497
1887	0.008821454
1888	-0.028681357
1889	-0.00252067
1890	0
1891	0.023826714
1892	-0.008110084
1893	-0.011020228
1894	0.024442847
1895	0.015087719
1896	0.002073972
1897	-0.031045188
1898	0.014239943
1899	0.008424008
1900	-0.042116255
1901	0.005087209
1902	-0.021330441
1903	0.021795345
1904	-0.065437455
1905	0.03326882
1906	0.029576976
1907	0.034545491
1908	0.019332126
1909	-0.016896552
1910	0.018239249
1911	-0.01136755
1912	-0.001045331
1913	-0.021276631
1914	-0.010334961
1915	0.000360137
1916	0.013318898
1917	0.007815311
1918	-0.005287346
1919	-0.003189228
1920	0.010309314
1921	0
1922	0.01442646
1923	0.006243496
1924	0.022406067
1925	0.010788941
1926	-0.00333559
1927	-0.0103748
1928	0.010145451
1929	-0.022430532
1930	-0.005479452
1931	-0.016184607
1932	0.014350718
1933	0.012077295
1934	-0.032390078
1935	-0.324171928
1936	-0.006777946
1937	0.092388456
1938	-0.001441519
1939	0.055822904
1940	-0.011394712
1941	-0.077455091
1942	-0.007496202
1943	0.046324268
1944	0.021174109
1945	0.034401604
1946	0.043735716
1947	0.034482802
1948	-0.014345991
1949	0.031249956
1950	-0.063511872
1951	0.002216401
1952	0.025210039
1953	-0.000862813
1954	0.029360967
1955	-0.005033599
1956	-0.019392876
1957	0.008168573
1958	0.011087334
1959	0.010544075
1960	0.003756261
1961	-0.00166316
1962	-0.015410287
1963	-0.013959391
1964	-0.01244097
1965	0.000868853
1966	0.044270745
1967	0.013300084
1968	0.006562839
1969	-0.002852567
1970	0.029832531
1971	0.017063412
1972	0.012875537
1973	0.000770455
1974	0.016936105
1975	0.007191559
1976	0.007515896
1977	-0.006713913
1978	-0.016147128
1979	-0.02328248
1980	-0.014458812
1981	0.036082476
1982	-0.016073479
1983	0.039284327
1984	0.001497043
1985	0.002242152
1986	-0.052199851
1987	-0.013768686
1988	0.041084962
1989	-0.050574674
1990	0.040758675
1991	0.035284993
1992	0.034831384
1993	0.083242891
1994	0.047778182
1995	-0.007971939
1996	-0.028608228
1997	0.029119822
1998	-0.008681672
1999	0.031138534
2000	0.057879835
2001	-0.068093991
2002	-0.021059349
2003	-0.001303814
2004	-0.025783258
2005	-0.027470653
2006	0.011023045
2007	-0.018057922
2008	-0.073906974
2009	0.043836641
2010	0.022254091
2011	-0.029143258
2012	0.025678156
2013	0.000352609
2014	-0.011279591
2015	-0.006060606
2016	-0.026183609
2017	0.000736648
2018	-0.008097129
2019	0.003339518
2020	-0.007396486
2021	-0.02123696
2022	0.016368519
2023	-0.007116142
2024	-0.029422859
2025	0.012436805
2026	-0.029174588
2027	0
2028	-0.009094582
2029	-0.004389386
2030	-0.008817675
2031	-0.040841124
2032	-0.006745363
2033	0.006366724
2034	-0.017292282
2035	0.019742533
2036	0.016414141
2037	-0.002070393
2038	-0.005394232
2039	-0.051731291
2040	-0.005279322
2041	-0.002653781
2042	-0.001330333
2043	0.022646581
2044	0.024316065
2045	-0.01949983
2046	0.004323433
2047	-0.008179036
2048	0.013020789
2049	0.008569023
2050	-0.03313513
2051	0.024604569
2052	0.017152616
2053	0.035834782
2054	-0.025640985
2055	-0.005848037
2056	0.002941261
2057	-0.018014243
2058	-0.020051279
2059	-0.002176709
2060	0.019197251
2061	-0.004708947
2062	0
2063	0.015914022
2064	-0.005503852
2065	0.022988548
2066	0.027049479
2067	0.006482982
2068	0.006038647
2069	0.014405762
2070	0.026824497
2071	0.006530926
2072	0.050763357
2073	-0.030148927
2074	-0.004494419
2075	0.014296426
2076	-0.010014763
2077	0.010490745
2078	0.008528069
2079	-0.003676507
2080	-0.004059041
2081	0.000370508
2082	-0.005185148
2083	0.010052047
2084	0.004423185
2085	0.012110092
2086	0.004713524
2087	-0.002526164
2088	-0.009406657
2089	0.01059171
2090	-0.000361402
2091	-0.001084635
2092	0.01773442
2093	-0.028805191
2094	-0.000366166
2095	0.002930403
2096	-0.012052594
2097	0.01109061
2098	0.001462486
2099	-0.014968931
2100	0.017049703
2101	0.02879005
2102	0.012752391
2103	0.006645715
2104	-0.002779708
2105	-0.011149895
2106	0.000704757
2107	0.006338028
2108	-0.005948216
2109	0.00703981
2110	0.010835337
2111	0.014868603
2112	0.01362862
2113	-0.039663866
2114	0.022401085
2115	-0.013693941
2116	0.017355086
2117	0.025247357
2118	-0.011647188
2119	0.01750835
2120	0.00628726
2121	-0.00098655
2122	0.019749869
2123	-0.090380891
2124	-0.002129134
2125	-0.013869167
2126	0.011179264
2127	0.010698965
2128	0.005292872
2129	-0.01509305
2130	-0.001425481
2131	-0.004996467
2132	-0.015064563
2133	0.001820867
2134	0.029080298
2135	0.133521764
2136	-0.0149579
2137	-0.006327143
2138	-0.006367431
2139	-0.001281608
2140	0.01668274
2141	-0.001577848
2142	0.01011378
2143	-0.010638236
2144	0.003162492
2145	-0.013871312
2146	0.000319693
2147	0.001597923
2148	0.002233567
2149	0.004457147
2150	0.003486561
2151	-0.009475648
2152	-0.003188807
2153	0.000959725
2154	-0.03068076
2155	-0.009891164
2156	-0.004995071
2157	0.006024097
2158	-0.006653294
2159	-0.010046952
2160	0.014546719
2161	-0.029009637
2162	0.054601578
2163	-0.010420059
2164	0.01349128
2165	-0.015909091
2166	0.003629198
2167	0.014464201
2168	0
2169	0.002916397
2170	0.037479805
2171	-0.000311523
2172	-0.015576263
2173	0.001582278
2174	0.011374344
2175	-0.003123961
2176	-0.020683171
2177	-0.01888
2178	-0.035877397
2179	-0.013193471
2180	0.019540624
2181	0.011432414
2182	-0.006316523
2183	-0.01806621
2184	-0.026916559
2185	0.007352976
2186	-0.01459854
2187	-0.00141097
2188	-0.009537196
2189	-0.006062767
2190	0.006099749
2191	0.006062696
2192	0.02587742
2193	-0.068417482
2194	0.017062352
2195	0.008023304
2196	0.017366209
2197	0.033072474
2198	0.008261687
2199	0.005462615
2200	-0.008488964
2201	-0.017123287
2202	-0.039024424
2203	0.012327774
2204	-0.006446991
2205	-0.032083634
2206	-0.046182458
2207	-0.002733307
2208	-0.007047768
2209	0.015378509
2210	-0.011650447
2211	0.003929194
2212	-0.002739687
2213	0.004317111
2214	0.032043767
2215	-0.004165127
2216	0.022813727
2217	-0.001115204
2218	-0.010048418
2219	0.005639098
2220	-0.009719626
2221	-0.005662514
2222	0.011009833
2223	0.008636951
2224	0.021221109
2225	-0.019686511
2226	-0.014875382
2227	0.019630049
2228	0.001110737
2229	-0.001479327
2230	0.01
2231	0.02786949
2232	0.016410952
2233	-0.047385082
2234	-0.015475314
2235	0.007110816
2236	-0.010033482
2237	0.019144182
2238	0.003314917
2239	0.005873715
2240	-0.000365
2241	0.002190654
2242	-0.020036466
2243	-0.010780632
2244	-0.000751635
2245	-0.015419331
2246	0.013369022
2247	-0.020354353
2248	0.013466718
2249	-0.01480634
2250	-0.023506781
2251	-0.002367758
2252	-0.031250038
2253	-0.039199633
2254	-0.00679983
2255	-0.00684647
2256	-0.003015942
2257	-0.006482239
2258	0.05045672
2259	0.001242236
2260	0.009925558
2261	-0.012284971
2262	0.004975083
2263	0.009488408
2264	0.022885248
2265	0.017578825
2266	-0.011385905
2267	0.001191382
2268	-0.014676677
2269	0.001610266
2270	0.016077251
2271	0.001977808
2272	-0.026845638
2273	0.01622714
2274	0.009580919
2275	0.009094464
2276	-0.007053292
2277	0.01183895
2278	0.004290211
2279	0.126213592
2280	0.011034483
2281	-0.009890825
2282	0.004822563
2283	-0.002742544
2284	-0.016500481
2285	-0.016427892
2286	-0.009950178
2287	0.022971966
2288	0.02
2289	0.014447884
2290	-0.022380468
2291	0.006590357
2292	-0.002067574
2293	-0.001726485
2294	-0.004842615
2295	0.007646854
2296	-0.010003415
2297	0.01951216
2298	-0.012303486
2299	0.030449862
2300	-0.02921427
2301	-0.01798689
2302	-0.007749173
2303	-0.032303869
2304	0.008804109
2305	-0.000363636
2306	-0.00982179
2307	0.008082366
2308	-0.013119569
2309	-0.003323486
2310	-0.003334568
2311	-0.010037212
2312	0.011641082
2313	0.00742383
2314	0.012159175
2315	-0.028030507
2316	0.014232172
2317	-0.004800554
2318	-0.000371058
2319	-0.038975574
2320	-0.023947432
2321	-0.002770044
2322	0.279365108
2323	-0.012407009
2324	0.007537751
2325	0.004675748
2326	0.035681074
2327	-0.006291282
2328	-0.009647272
2329	-0.01065443
2330	0.018769262
2331	-0.019329507
2332	0.025561995
2333	-0.009008979
2334	-0.000909061
2335	-0.031847163
2336	-0.012844612
2337	0.001269407
2338	-0.005705167
2339	-0.021995568
2340	0.012385887
2341	-0.014810013
2342	-0.008169935
2343	0.000329522
2344	0.014163372
2345	-0.037999349
2346	0.001012795
2347	0.004384519
2348	0.019811954
2349	0.002634178
2350	0.002955665
2351	0.005239031
2352	0.003908762
2353	0.022712524
2354	0.014911168
2355	-0.012503907
2356	0.012978791
2357	0.031875
2358	-0.003028528
2359	-0.034325549
2360	-0.032400156
2361	-0.009752958
2362	-0.03053178
2363	-0.017947883
2364	0.038275897
2365	0.028561872
2366	0.001937423
2367	-0.007089977
2368	0.005842292
2369	0.035495321
2370	0.012465005
2371	0.011695813
2372	-0.006388774
2373	-0.014390723
2374	-0.000621342
2375	-0.009947094
2376	0.007221413
2377	0.021820354
2378	0.012812752
2379	-0.006024126
2380	-0.030606061
2381	0.031884902
2382	-0.003635232
2383	0.014594102
2384	0.005094456
2385	-0.066785985
2386	-0.010543131
2387	0.00516629
2388	-0.000963669
2389	0.009324727
2390	0.036954445
2391	-0.00860212
2392	0.016114069
2393	-0.020738029
2394	-0.000311523
2395	-0.006542025
2396	0.011602352
2397	0.004959703
2398	0.004318415
2399	-0.005221191
2400	-0.029021242
2401	0.010174849
2402	0.001888574
2403	-0.033930254
2404	-0.020812976
2405	0.010959814
2406	-0.012155092
2407	0.001995311
2408	0.013275872
2409	0.015067114
2410	-0.027105518
2411	0.014262023
2412	-0.009810301
2413	0.023447787
2414	0.014198128
2415	0.004454343
2416	-0.003801045
2417	0.007949125
2418	0.015141924
2419	-0.003728993
2420	0.021210261
2421	0.00824667
2422	0.00424126
2423	0.000301599
2424	-0.023220778
2425	0.011423248
2426	-0.000305189
2427	0.008244275
2428	-0.009085373
2429	-0.020782395
2430	0.014669069
2431	-0.000307536
2432	0.015384615
2433	0.000606061
2434	-0.003028528
2435	0.018833628
2436	0.021168723
2437	0.02189781
2438	-0.017714257
2439	0.019488016
2440	0.001141255
2441	0.002279795
2442	-0.019334548
2443	0.011017599
2444	-0.020074592
2445	-0.012584022
2446	0.017486662
2447	0.024759626
2448	0.14013647
2449	-0.005235577
2450	0.024811954
2451	0.023966741
2452	0.026510653
2453	0.010237273
2454	-0.004836458
2455	-0.03887989
2456	-0.01348418
2457	-0.001464511
2458	-0.042287949
2459	0.009698851
2460	0.017441835
2461	-0.007701888
2462	0.017275964
2463	0.004922496
2464	-0.00881707
2465	0.005189004
2466	0.009095354
2467	0.030937906
2468	-0.013468809
2469	-0.010778467
2470	-0.002421259
2471	-0.027184441
2472	0.005738498
2473	0.000992235
2474	-0.005947881
2475	0.001994465
2476	0.006966957
2477	0.0182851
2478	-0.003397209
2479	-0.020452885
2480	-0.000994308
2481	0.022891317
2482	0.024811481
2483	0.008782316
2484	-0.003294094
2485	-0.002124669
2486	-0.017269908
2487	0.016610471
2488	-0.051858844
2489	-0.059690283
2490	0.021248312
2491	0.001040338
2492	0.005196077
2493	-0.024295658
2494	0.005827841
2495	-0.001843534
2496	-0.000791636
2497	-0.01109052
2498	0.014419252
2499	-0.007107159
2500	-0.01988335
2501	-0.037598024
2502	-0.003653766
2503	0.000282031
2504	-0.009588269
2505	0.004555809
2506	0.000283503
2507	-0.000850184
2508	0.018434544
2509	-0.061542718
2510	0.013649822
2511	-0.018735363
2512	-0.00447497
2513	0.016781571
2514	0.005010256
2515	0.012610001
2516	-0.010715291
2517	-0.010538671
2518	-0.009171509
2519	0.002388713
2520	0.0059577
2521	0.002072846
2522	-0.011229344
2523	-0.03317397
2524	0.004018609
2525	-0.009236453
2526	-0.001553729
2527	-0.00280112
2528	-0.002184831
2529	0.020957148
2530	0.003370129
2531	0.012824366
2532	0.012059151
2533	0.006851326
2534	0.0147929
2535	-0.011370234
2536	-0.013270451
2537	-0.003586342
2538	0.021595711
2539	-0.011156811
2540	-0.015142577
2541	0.002110461
2542	0.002406679
2543	-0.004201681
2544	0.015069319
2545	-0.003266033
2546	-0.002680965
2547	-0.000298656
2548	-0.0107559
2549	0.002718212
2550	0.024096355
2551	0.010588265
2552	0.00087305
2553	-0.004652486
2554	0.010809173
2555	0
2556	0.009826619
2557	-0.02146537
2558	-0.003802223
2559	-0.003523253
2560	-0.01237475
2561	0.016109815
2562	0.01321189
2563	-0.018255492
2564	-0.016233736
2565	0.00029997
2566	0.020095921
2567	0.008232961
2568	-0.004082794
2569	-0.00878489
2570	-0.009453442
2571	-0.017596183
2572	0.013964876
2573	0.129640651
2574	-0.030479671
2575	0
2576	0.007654428
2577	-0.003526885
2578	-0.013612851
2579	-0.01297273
2580	-0.031879168
2581	0.000288908
2582	-0.014727173
2583	0.014067966
2584	-0.004624249
2585	0.006097648
2586	0.008369321
2587	0.024613624
2588	-0.003351927
2589	0.011491031
2590	0.003047963
2591	0.019337044
2592	0.001354986
2593	-0.013531799
2594	-0.004115281
2595	0.002754904
2596	-0.002197857
2597	0.013215831
2598	0.002717473
2599	-0.002439051
2600	0.017386579
2601	-0.021895861
2602	0.022112967
2603	0.028846181
2604	-0.015576376
2605	0.015295412
2606	-0.002077974
2607	-0.031754218
2608	0.001881693
2609	-0.003488087
2610	-0.023424853
2611	0.009925586
2612	0.00464095
2613	-0.012771658
2614	0.011560638
2615	-0.02176868
2616	-0.007510459
2617	-0.00644616
2618	-0.017771537
2619	-0.003159133
2620	0.004897782
2621	-0.023509174
2622	0.015560745
2623	-0.002023706
2624	0.005504027
2625	0.013540796
2626	-0.025582746
2627	0.002917211
2628	0.003490372
2629	-0.004927478
2630	0.018059976
2631	0.001430587
2632	0.014000057
2633	-0.017469793
2634	0.028677947
2635	-0.034011626
2636	-0.041269868
2637	-0.020168633
2638	-0.002764977
2639	0.030807148
2640	0.004184071
2641	0.020238126
2642	0.00933486
2643	0.004624278
2644	0.008918355
2645	-0.016538295
2646	0.01913598
2647	-0.002276017
2648	-0.022526404
2649	-0.011085094
2650	-0.012389439
2651	-0.039426523
2652	0.002798507
2653	-0.026046512
2654	-0.017191945
2655	0.003887237
2656	0.020329171
2657	-0.016129032
2658	0.016072002
2659	-0.000949098
2660	0.011399652
2661	-0.019411427
2662	0.010536398
2663	0.00821485
2664	0.012848637
2665	0.025990099
2666	-0.002110977
2667	-0.022061015
2668	-0.001545117
2669	-0.002476044
2670	0.002171859
2671	-0.000928762
2672	-0.016733808
2673	-0.007878979
2674	0.020330337
2675	0.020859341
2676	0.024702561
2677	0.006547679
2678	0.017740923
2679	-0.012783208
2680	0.010300235
2681	-0.005243227
2682	-0.020790716
2683	0.004485676
2684	0.022923519
2685	0.003201397
2686	0.015955874
2687	0.001998858
2688	0.012824195
2689	-0.022228502
2690	0.013237381
2691	-0.016756604
2692	0.003177383
2693	0.021307256
2694	-0.040315759
2695	-0.003231522
2696	0.040377218
2697	0.013597734
2698	0.018725601
2699	0.020027407
2700	-0.01291014
2701	-0.037329672
2702	0.022926605
2703	-0.013281655
2704	0.018508132
2705	-0.009911922
2706	-0.014738571
2707	0.019757296
2708	0.012455051
2709	0.043739691
2710	-0.013095862
2711	0.005042436
2712	-0.000528149
2713	0.00132111
2714	-0.004221636
2715	-0.012983624
2716	0.001073852
2717	-0.016894636
2718	0
2719	0.003000546
2720	0.00843084
2721	0.032632118
2722	-0.000783573
2723	-0.004443231
2724	-0.001837753
2725	0.007627591
2726	-0.032889636
2727	0.000809798
2728	0.047464884
2729	0.004634398
2730	0.00307532
2731	-0.029126189
2732	-0.010000026
2733	0.013290803
2734	-0.008132162
2735	-0.005289606
2736	-0.032172267
2737	0.001373599
2738	-0.008230425
2739	0.028768933
2740	-0.006453294
2741	-0.005683329
2742	0.02422425
2743	0.004517619
2744	-0.000264497
2745	-0.029902116
2746	0.010092717
2747	0.002970564
2748	-0.021270894
2749	0.036038571
2750	0.008231572
2751	-0.006057387
2752	-0.021727715
2753	-0.019772455
2754	0.007184361
2755	-0.007407435
2756	-0.030127142
2757	0.003134825
2758	-0.006818238
2759	0.021167106
2760	-0.033893528
2761	0.004348999
2762	0.019053118
2763	-0.02209629
2764	0.012746205
2765	0
2766	-0.020880979
2767	-0.006134969
2768	0.004409112
2769	0.017851947
2770	0.005175388
2771	0
2772	-0.001430177
2773	0.003437382
2774	-0.031972567
2775	0.002654084
2776	-0.035294147
2777	-0.029878019
2778	0.023884412
2779	0.01411906
2780	-0.017251815
2781	0.024330058
2782	0
2783	0.00601326
2784	-0.02002385
2785	0.003354712
2786	0.00911851
2787	-0.04006024
2788	-0.024788233
2789	-0.018983269
2790	-0.003607773
2791	-0.024358131
2792	-0.006072875
2793	0.01289888
2794	-0.027815013
2795	-0.017235436
2796	-0.001753806
2797	0.02951511
2798	-0.004436826
2799	0.006856394
2800	-0.032686448
2801	0.007743717
2802	-0.000698498
2803	-0.017476406
2804	0.01316254
2805	-0.00491573
2806	-0.003175723
2807	-0.026902655
2808	0.002182575
2809	-0.004718657
2810	-0.009846827
2811	-0.053406961
2812	0.012451322
2813	0.029976902
2814	0.041417949
2815	0.04442852
2816	0.043567753
2817	0.012491749
2818	-0.010064903
2819	-0.025910102
2820	0.010100976
2821	-0.0596667
2822	-0.000708898
2823	0.037956685
2824	-0.03861931
2825	0.044792039
2826	-0.043552162
2827	0.03842049
2828	0.036313771
2829	0.013553719
2830	-0.010437052
2831	-0.002636783
2832	-0.004957006
2833	-0.00099638
2834	0.083776529
2835	0.019018498
2836	0.02167363
2837	0.010606954
2838	0.061224579
2839	-0.028846262
2840	0.003677567
2841	-0.016065389
2842	-0.022916041
2843	-0.004104368
2844	-0.042095966
2845	-0.026736354
2846	0.012630249
2847	0.009666386
2848	0.002779493
2849	-0.011395226
2850	-0.01401863
2851	0.023696746
2852	-0.002469197
2853	0.02073026
2854	-0.014549984
2855	-0.019686159
2856	-0.02133668
2857	0.011542096
2858	0.029477053
2859	-0.056034483
2860	-0.003261611
2861	-0.014725066
2862	0.005645965
2863	-0.028071366
2864	-0.029901495
2865	-0.018213591
2866	-0.002854085
2867	-0.006440107
2868	-0.027007562
2869	-0.001850518
2870	0.004820208
2871	-0.000738007
2872	0
2873	-0.041098394
2874	0.028638164
2875	-0.008333296
2876	0.015278819
2877	-0.00583149
2878	-0.010406793
2879	-0.033843213
2880	0.082723136
2881	0.020471633
2882	0.030628675
2883	-0.009384793
2884	-0.004385965
2885	0.014801762
2886	-0.052265984
2887	-0.018871436
2888	0.039962652
2889	-0.027832645
2890	-0.004432896
2891	0.014656716
2892	-0.010056683
2893	0.018470632
2894	0.019405151
2895	-0.13983279
2896	0.008686701
2897	0.025015419
2898	0.00320064
2899	-0.013958145
2900	-0.019817998
2901	0.006602022
2902	-0.022545644
2903	-0.011742462
2904	-0.004031445
2905	-0.051981232
2906	-0.009438157
2907	0.008847527
2908	0.028783426
2909	-0.015300568
2910	-0.004439534
2911	-0.050836078
2912	-0.019262391
2913	0.030419162
2914	-0.031845607
2915	0.001200456
2916	0.039568272
2917	0.011303392
2918	0.012773768
2919	-0.006081103
2920	-0.017448447
2921	-0.008302606
2922	0.025116326
2923	0.005898321
2924	-0.017816892
2925	-0.004822021
2926	0.009690771
2927	0.026279754
2928	0.035626765
2929	-0.010965341
2930	0.001956522
2931	0.010414407
2932	-0.003650376
2933	0.024137887
2934	0.007365299
2935	-0.020472112
2936	0.000639774
2937	-0.009164451
2938	-0.008388987
2939	-0.024945706
2940	0.01201337
2941	0.026599229
2942	0.005995696
2943	-0.018944232
2944	0.002169646
2945	0.018402295
2946	0.023809502
2947	-0.022217608
2948	0.001911234
2949	0.004239106
2950	0.005909645
2951	0.009441901
2952	-0.000415735
2953	0.006238282
2954	0.008472825
2955	0.019262357
2956	-0.03256942
2957	0.009559497
2958	-0.01873207
2959	-0.009020265
2960	-0.00719729
2961	-0.031982941
2962	-0.008149845
2963	-0.00222072
2964	0.000890296
2965	-0.015121192
2966	0.010837638
2967	-0.024346661
2968	-0.024725321
2969	-0.011502278
2970	-0.00522446
2971	-0.02769155
2972	-0.000736533
2973	0.038083513
2974	0.017278107
2975	-0.00465335
2976	-0.03786814
2977	0.009961127
2978	0.029107505
2979	0.001636255
2980	0.006534493
2981	-0.014607025
2982	0.023764659
2983	0.016088279
2984	-0.027595499
2985	0.00209351
2986	-0.023909075
2987	-0.006420928
2988	-0.055050241
2989	-0.020010157
2990	0.01499098
2991	-0.032085612
2992	0.061825917
2993	0.031466798
2994	0.040115252
2995	-0.01778291
2996	-0.044909477
2997	0.015263491
2998	0.026915518
2999	0.014639977
3000	0.024901093
3001	-0.013851067
3002	0.011512779
3003	-0.00500799
3004	0.000228826
3005	-0.014638586
3006	-0.001392804
3007	-0.043003301
3008	-0.015545276
3009	-0.003207427
3010	0.03391084
3011	0.025137659
3012	-0.010509131
3013	-0.003068138
3014	-0.000710298
3015	-0.01847901
3016	0.020999252
3017	0.014184468
3018	0.006060559
3019	-0.009499537
3020	-0.092631556
3021	0.003609152
3022	0.021834035
3023	-0.013574586
3024	-0.033894035
3025	-0.039831126
3026	-0.027747334
3027	0.022605256
3028	-0.030671374
3029	0.041334006
3030	0.002190036
3031	0.033051051
3032	-0.032786832
3033	0.018042645
3034	0.009129967
3035	-0.042043691
3036	-0.005
3037	-0.033221636
3038	0.005486543
3039	-0.006605399
3040	-0.004625614
3041	0.016264943
3042	0.015718747
3043	-0.018289307
3044	-0.001719605
3045	-0.036175766
3046	0.018468841
3047	-0.023398655
3048	-0.031147081
3049	0.001545719
3050	-0.010493857
3051	0
3052	-0.007485995
3053	0.031426776
3054	-0.025289458
3055	0.001250359
3056	-0.023103279
3057	-0.045062383
3058	-0.003681359
3059	-0.008061774
3060	0.010836403
3061	-0.031825796
3062	0.003460208
3063	-0.004482724
3064	0.020436369
3065	0.012219994
3066	0.032193192
3067	0.022092202
3068	-0.010489511
3069	-0.010921876
3070	0.025008054
3071	0.031685742
3072	0.007370946
3073	0.012195183
3074	-0.03253018
3075	-0.027085897
3076	-0.006400032
3077	-0.037037006
3078	0.023745853
3079	0.040509603
3080	0.01601259
3081	-0.004944376
3082	-0.000310621
3083	0.011494315
3084	0.083845206
3085	-0.005384046
3086	0.004843362
3087	-0.016161015
3088	-0.010086541
3089	-0.02066955
3090	-0.027942866
3091	-0.014678899
3092	0.021104934
3093	-0.04711252
3094	0.000319011
3095	0.005102009
3096	0.019670019
3097	-0.015868078
3098	0.021182422
3099	-0.027244552
3100	-0.024188415
3101	-0.063274658
3102	0.034122634
3103	-0.003367037
3104	-0.057432432
3105	-0.014336918
3106	0.016363673
3107	0.051520499
3108	0.00680507
3109	-0.035147043
3110	0.003852925
3111	0.041172366
3112	0.01038874
3113	-0.008291874
3114	0.002341104
3115	-0.049382684
3116	-0.055809056
3117	-0.026765799
3118	0.015278839
3119	-0.023701994
3120	0.069364121
3121	-0.008648649
3122	-0.015267176
3123	0.004798782
3124	-0.038574542
3125	-0.043179175
3126	0.001597404
3127	-0.012759171
3128	0.015751212
3129	-0.004771332
3130	0.004794207
3131	-0.023856899
3132	0.008961345
3133	0.00968914
3134	0.011195562
3135	-0.013048714
3136	0.019631491
3137	0.00589387
3138	0.00234375
3139	-0.00974279
3140	-0.012593467
3141	-0.016739737
3142	0.005674868
3143	-0.018540871
3144	0.003285421
3145	-0.006549325
3146	-0.057684343
3147	0.041101791
3148	0.007979883
3149	0.002083292
3150	0.012058254
3151	-0.024650781
3152	-0.040016807
3153	0.053970994
3154	0.014987469
3155	0.001230558
3156	0.014338386
3157	-0.046041963
3158	-0.011431033
3159	0.02655242
3160	-0.046725033
3161	-0.028008796
3162	-0.010805944
3163	0.018661812
3164	-0.075513766
3165	-0.02126636
3166	-0.05234563
3167	-0.011985513
3168	0.012130908
3169	0.022407503
3170	-0.009174311
3171	0.023662499
3172	-0.001507487
3173	0.002516306
3174	0.046686747
3175	-0.036930456
3176	-0.018426345
3177	0.014713395
3178	-0.0165
3179	0.008134215
3180	-0.005547201
3181	-0.01724138
3182	0.005676006
3183	-0.030271934
3184	-0.044973598
3185	0.006648255
3186	0.006604348
3187	-0.020229687
3188	-0.021205301
3189	0.022234833
3190	-0.007808087
3191	-0.00224851
3192	0.01239431
3193	0.012799222
3194	-0.006044011
3195	0.040906578
3196	-0.011152363
3197	-0.027389902
3198	0.036996133
3199	0.015974387
3200	-0.031446541
3201	-0.03030303
3202	0.025111663
3203	0.020685845
3204	0.044266667
3205	0.006128754
3206	-0.001522893
3207	0.016776817
3208	-0.02799995
3209	-0.035493877
3210	0.021333333
3211	-0.010966005
3212	-0.044350631
3213	-0.027624309
3214	-0.071022727
3215	0.00795107
3216	0.006067961
3217	0.022316104
3218	0.02477876
3219	0.020149567
3220	-0.036117327
3221	-0.021662822
3222	0.005385997
3223	0.042857205
3224	-0.012557135
3225	0.005780405
3226	0.016091954
3227	-0.069004581
3228	-0.011543075
3229	-0.032575292
3230	0.063532402
3231	-0.011350119
3232	0.011480424
3233	0.037037097
3234	0.039170505
3235	0.01274939
3236	0.00656809
3237	-0.014138119
3238	0.014340872
3239	0.000543828
3240	-0.004891359
3241	-0.016930585
3242	-0.069444444
3243	0.060298507
3244	-0.017454899
3245	-0.04297994
3246	-0.075449157
3247	0.002590674
3248	-0.036175711
3249	0.050938338
3250	-0.005102041
3251	0.1141025
3252	-0.020137976
3253	-0.015267233
3254	-0.096601073
3255	-0.015181518
3256	0.004021448
3257	-0.045393858
3258	0.025174825
3259	0.017735334
3260	0.009383378
3261	0.000664011
3262	-0.01459854
3263	0.007407407
3264	0.004679144
3265	-0.023952096
3266	0.000681663
3267	-0.017711172
3268	-0.0110957
3269	-0.063113604
3270	-0.081586826
3271	-0.186634067
3272	-0.048096192
3273	-0.044210526
3274	0.028634361
3275	0.005353319
3276	0.009584665
3277	0.023206751
3278	-0.013402062
3279	0.10553814
3280	0.00094518
3281	-0.06421152
3282	-0.091826438
3283	0.008888889
3284	0.073788546
3285	-0.025641026
3286	0.052631579
3287	0.001
3288	0.016983017
3289	0.027504912
3290	-0.010516252
3291	0.035748792
3292	-0.024253731
3293	-0.029636711
3294	-0.020689655
3295	-0.075452716
3296	0.063112078
3297	-0.006141249
3298	0.059732235
3299	-0.003887269
3300	-0.109268293
3301	0.17196057
3302	0.057009346
3303	0.062776304
3304	0.064891847
3305	0.0078125
3306	0.014728682
3307	0.029029794
3308	-0.101707498
3309	0.009917355
3310	-0.041734861
3311	-0.04440649
3312	0.069705094
3313	-0.000835422
3314	0
3315	-0.044314381
3316	0.006124234
3317	-0.053043478
3318	0.063360882
3319	0.050086356
3320	0.083059211
3321	0.016704632
3322	-0.01493652
3323	-0.037149356
3324	-0.042519685
3325	0.116776316
3326	-0.067746686
3327	0.052132701
3328	0.003753754
3329	0.015706806
3330	0.050073638
3331	-0.035063114
3332	-0.050872093
3333	-0.009188361
3334	-0.001545595
3335	-0.056501548
3336	0.041837572
3337	0.01496063
3338	0.056633049
3339	-0.061674009
3340	-0.070422535
3341	0.147306397
3342	0.082905356
3343	-0.039295393
3344	0
3345	-0.032440056
3346	0.099125364
3347	0.027188329
3348	0.010329245
3349	0.023642173
3350	0.039325843
3351	0.007807868
3352	-0.048867756
3353	0.000626566
3354	-0.008766437
3355	0.001895136
3356	-0.001261034
3357	0.001262626
3358	0.008196721
3359	0.001250782
3360	-0.00062461
3361	-0.02
3362	0.021683673
3363	0.024968789
3364	0.009744214
3365	-0.001809469
3366	0.027794624
3367	0.004703116
3368	-0.047981276
3369	0.028272895
3370	0.02630006
3371	0.048340128
3372	0.001666722
3373	-0.013865778
3374	-0.012935995
3375	-0.089458638
3376	-0.032540676
3377	0.058861643
3378	-0.003054429
3379	-0.096813725
3380	-0.009497965
3381	0.011643836
3382	0.015572106
3383	0.042666667
3384	-0.056265985
3385	-0.037262873
3386	0.020408163
3387	-0.010344828
3388	0.018118467
3389	-0.030116359
3390	-0.002117149
3391	0.043847242
3392	0.020325203
3393	0.055112882
3394	-0.031466331
3395	0.001299545
3396	0.020116807
3397	-0.017175573
3398	0.193527573
3399	0.00108449
3400	0.020585104
3401	-0.035562633
3402	-0.028068244
3403	0.009060023
3404	0.01290679
3405	0.034903104
3406	-0.011242024
3407	-0.033567896
3408	-0.008963529
3409	0.007914019
3410	0.03365115
3411	0.008681498
3412	-0.020978967
3413	0.048901041
3414	0.006285961
3415	-0.025507549
3416	0.027243645
3417	-0.000520073
3418	0.007284184
3419	0.058884243
3420	-0.076585366
3421	-0.052297887
3422	0.017837178
3423	-0.003833461
3424	-0.020890708
3425	-0.067377769
3426	-0.129440149
3427	0.006224066
3428	0.026116838
3429	0.004688547
3430	-0.036
3431	-0.001383126
3432	0.058864266
3433	-0.05559189
3434	0.085180055
3435	0.057434588
3436	0.013277067
3437	-0.027397318
3438	0.013472076
3439	0.006042357
3440	-0.078078078
3441	0.035179153
3442	-0.007551919
3443	-0.001268231
3444	0.059047619
3445	0.033573141
3446	-0.002900174
3447	0.057591562
3448	0.028602915
3449	-0.001069572
3450	-0.02623121
3451	0.013743815
3452	-0.001084653
3453	0.042345331
3454	0.047916664
3455	-0.11182902
3456	0.089535417
3457	-0.023626041
3458	0.060494477
3459	0.016369048
3460	-0.011713031
3461	-0.035555506
3462	0.010240604
3463	-0.042067917
3464	0.012169259
3465	-0.026136959
3466	-0.047772359
3467	0.031567024
3468	-0.028961696
3469	-0.014631401
3470	-0.047972587
3471	0.014997001
3472	-0.041371217
3473	0.091861905
3474	0.037831736
3475	-0.028291514
3476	-0.036394287
3477	0.021499188
3478	0.088737144
3479	-0.037617505
3480	-0.03257329
3481	-0.008417508
3482	0.076400679
3483	-0.103049474
3484	-0.005861665
3485	-0.066627303
3486	-0.01642451
3487	0.07257553
3488	-0.029341435
3489	0.073411541
3490	0.038505747
3491	-0.129496403
3492	-0.050858233
3493	-0.002679169
3494	0.09335131
3495	-0.049754358
3496	-0.041370394
3497	0.025623736
3498	-0.081525312
3499	-0.01932713
3500	0.001459854
3501	-0.043731778
3502	0.023628049
3503	-0.032762472
3504	-0.076982294
3505	-0.085904921
3506	0.02189781
3507	-0.028571429
3508	0.019301471
3509	0.018935978
3510	0.067256637
3511	0.015754561
3512	-0.024489796
3513	-0.030962343
3514	0.017271157
3515	-0.034804754
3516	-0.008795075
3517	0.007985803
3518	0.100352113
3519	-0.0344
3520	0.0008285
3521	0.034768212
3522	-0.1256
3523	-0.070448307
3524	0.032480315
3525	-0.013346044
3526	0.031884058
3527	-0.072097378
3528	-0.067608476
3529	-0.016233766
3530	-0.03080308
3531	0.034052213
3532	-0.109769484
3533	0.144266338
3534	-0.003232759
3535	-0.061621622
3536	0.148617512
3537	0.01003009
3538	0.002979146
3539	0.077227723
3540	0.079044118
3541	-0.084327087
3542	0.03255814
3543	-0.041441441
3544	0.09962406
3545	0.013675214
3546	-0.045531197
3547	0.072438163
3548	0.070840198
3549	0.032307692
3550	0.051415797
3551	-0.060240964
3552	0.010558069
3553	-0.029104478
3554	0.111452729
3555	-0.02835408
3556	0.052669039
3557	-0.035835024
3558	0.050490884
3559	0.044058745
3560	-0.014066496
3561	0.05577179
3562	0.016584643
3563	0.045317223
3564	0.005202312
3565	0.027602187
3566	0.032456629
3567	-0.008672086
3568	-0.036632037
3569	0.01021555
3570	0.012359607
3571	-0.029966704
3572	-0.034896968
3573	0.005927563
3574	0.034767238
3575	0.021640206
3576	-0.028428148
3577	-0.022948881
3578	0.0851438
3579	-0.0254329
3580	0.01332593
3581	0.020274027
3582	-0.085392047
3583	0.046975863
3584	0.041503085
3585	-0.037156758
3586	0.073266335
3587	0.032308388
3588	0.011610399
3589	-0.00249506
3590	-0.030515308
3591	-0.033539682
3592	0.021889963
3593	0.032915414
3594	-0.124431007
3595	0.028307338
3596	0.038764103
3597	-0.158464035
3598	-0.016066838
3599	0.04572175
3600	0.02873198
3601	0.041287252
3602	0.055976735
3603	-0.013804527
3604	0.038633704
3605	0.046900326
3606	0.01338826
3607	0.016260163
3608	-0.01099995
3609	-0.016178058
3610	-0.069372974
3611	-0.024296023
3612	0.063384324
3613	0.11335811
3614	0.029158748
3615	-0.05062703
3616	0.082680916
3617	-0.028468099
3618	-0.099534837
3619	0.025309864
3620	-0.023677632
3621	-0.068111459
3622	-0.053156094
3623	0.040350936
3624	0.024732938
3625	0.034558475
3626	0.046659542
3627	0.012158055
3628	0.007507457
3629	0.034774021
3630	0.100336054
3631	-0.026614354
3632	-0.095472842
3633	-0.033696729
3634	-0.063589744
3635	0.023001095
3636	-0.035867238
3637	-0.002776291
3638	0.105233915
3639	0.005541511
3640	-0.067134172
3641	-0.070354561
3642	0.01790884
3643	-0.037457546
3644	-0.064858435
3645	0.010088272
3646	-0.02372035
3647	-0.052909207
3648	0.029535865
3649	-0.18442623
3650	-0.085427136
3651	0.230769231
3652	0.125
3653	-0.047619048
3654	-0.004166667
3655	0.041841004
3656	-0.088353414
3657	0.017621145
3658	0.03030303
3659	-0.079831933
3660	0.01826484
3661	0.071748879
3662	-0.092050209
3663	0.105990783
3664	0.020833333
3665	0.048979592
3666	0.019455253
3667	0.038167939
3668	0.040441176
3669	0.183745583
3670	0.068656716
3671	-0.008379888
3672	-0.022535211
3673	0.126801153
3674	-0.025575448
3675	-0.015748031
3676	0.098666667
3677	-0.012135922
3678	-0.056511057
3679	0.088541667
3680	0.016746411
3681	0.061176471
3682	0.110864745
3683	-0.089820359
3684	-0.048245614
3685	0.050691244
3686	-0.019736842
3687	0.080536913
3688	0.107660455
3689	0.087850467
3690	-0.036082474
3691	-0.058823529
3692	0.09280303
3693	0.034662045
3694	0.063651591
3695	0.004724409
3696	-0.054858934
3697	0.039800995
3698	0.094098884
3699	-0.091472933
3700	-0.109506001
3701	-0.025225225
3702	0.018484288
3703	-0.121597096
3704	-0.095041322
3705	-0.029680365
3706	-0.025882353
3707	0.178743961
3708	-0.012295082
3709	-0.097510373
3710	0.048275862
3711	0.037280702
3712	0.046511628
3713	-0.088888889
3714	0.066518847
3715	0.031185031
3716	-0.040322581
3717	0.048319328
3718	-0.052104208
3719	-0.133192389
3720	0.090243902
3721	0.002237136
3722	0.142857143
3723	0.03125
3724	-0.03030303
3725	0.08984375
3726	0.02688172
3727	-0.054101222
3728	0.031365314
3729	0
3730	0.073345259
3731	0.17
3732	-0.135327635
3733	0.026359143
3734	0.017656501
3735	-0.014195584
3736	-0.05360128
3737	0.08537763
3738	0.018691589
3739	-0.065749235
3740	0.091653028
3741	0.172413793
3742	0.04859335
3743	0.032926829
3744	0.079102715
3745	0.0404814
3746	-0.069400631
3747	0.020338983
3748	0.042081949
3749	0.105207226
3750	0.053846154
3751	-0.041970803
3752	0.047619048
3753	-0.019090909
3754	-0.045645242
3755	-0.08909822
3756	-0.102345416
3757	0.049881235
3758	0.013574661
3759	-0.0078125
3760	0.05511811
3761	0.017057569
3762	-0.01048218
3763	0.009533898
3764	-0.114375656
3765	-0.072274882
3766	0.12899106
3767	0.085972851
3768	-0.05625
3769	0.154525386
3770	0.264818356
3771	0.037037037
3772	-0.052478134
3773	0.042307692
3774	0.038376384
3775	-0.044776119
3776	0.024553571
3777	0.057371097
3778	0.051510989
3779	-0.055519268
3780	0.133471646
3781	0.029896278
3782	0.056279621
3783	-0.029725182
3784	0.014450867
3785	-0.014814815
3786	-0.027761712
3787	0.007733492
3788	0.010035419
3789	-0.005260082
3790	0.005875441
3791	-0.006425234
3792	-0.020576132
3793	0.027010804
3794	0.04792519
3795	0.045175683
3796	-0.027214514
3797	0.066374109
3798	0.014403292
3799	-0.018255578
3800	0.008780992
3801	0.09984639
3802	0.041433892
3803	-0.042914618
3804	-0.047174218
3805	0.023039216
3806	-0.040249161
3807	0.047428857
3808	0.021925643
3809	-0.012593284
3810	0.000472367
3811	-0.028328612
3812	0.005344995
3813	0.026099565
3814	0.010833726
3815	0.017707363
3816	-0.018772894
3817	-0.020531965
3818	-0.030967127
3819	0.00245821
3820	0.00980873
3821	-0.015055852
3822	0.057692308
3823	0.013986014
3824	0.015172414
3825	-0.039402174
3826	0.043375766
3827	0.010845007
3828	-0.041573536
3829	-0.030317164
3830	0.012987013
3831	-0.027540361
3832	-0.042480469
3833	0.019377868
3834	-0.155577789
3835	0.042654028
3836	0.059090909
3837	0.050429185
3838	-0.012768131
3839	0.058458355
3840	-0.031280547
3841	-0.036831483
3842	0.035620744
3843	0.019221042
3844	-0.052605459
3845	0.050288109
3846	0.050872818
3847	0.084480304
3848	0.036323851
3849	-0.060388514
3850	0.013483146
3851	-0.00886918
3852	-0.001342282
3853	0
3854	-0.014784946
3855	0.041837199
3856	0.005674378
3857	0.003472222
3858	-0.065311419
3859	0.016658954
3860	-0.020482476
3861	-0.107342007
3862	-0.058302967
3863	0.034825871
3864	-0.042200855
3865	0.026213051
3866	0.067391304
3867	-0.036150713
3868	0.067089276
3869	-0.047029703
3870	0.097142857
3871	0.044034091
3872	-0.015873016
3873	-0.041474654
3874	-0.033173077
3875	-0.00298359
3876	-0.051247066
3877	-0.012222177
3878	0.028206493
3879	0.040890269
3880	-0.011934361
3881	-0.017111223
3882	0.004096262
3883	0.06782254
3884	-0.004775549
3885	-0.045585413
3886	-0.041729512
3887	0.045120672
3888	-0.085341365
3889	0.081229418
3890	0.022335025
3891	0.006454816
3892	-0.097187963
3893	0.01420765
3894	0.173491379
3895	0.000459137
3896	-0.019733823
3897	0.063202247
3898	0.064729194
3899	0.019023987
3900	0.075081169
3901	0.010947527
3902	-0.043315907
3903	0.070257611
3904	-0.010940919
3905	0.044616519
3906	0.101306036
3907	0.029487179
3908	-0.03362391
3909	-0.015463918
3910	0.032395288
3911	-0.027575277
3912	-0.102917372
3913	-0.005177403
3914	-0.005478451
3915	-0.068674256
3916	0.06466877
3917	0.041851852
3918	0.012797725
3919	0.029133029
3920	-0.034106412
3921	-0.031779661
3922	0.001094092
3923	-0.079052823
3924	-0.019382911
3925	0.022993142
3926	0.007492114
3927	0.01409002
3928	0.020069471
3929	0.017404465
3930	-0.011063777
3931	-0.074550923
3932	0.015034539
3933	0.045236189
3934	-0.009957871
3935	0.052224371
3936	-0.025
3937	0
3938	0.065110245
3939	-0.007363099
3940	0.02984311
3941	-0.051256281
3942	-0.001412429
3943	0.019094767
3944	-0.089521166
3945	-0.032393293
3946	0.014769497
3947	-0.026586361
3948	0.0761563
3949	-0.026120877
3950	0.051740541
3951	-0.061493947
3952	0.085180388
3953	0
3954	0.03427446
3955	-0.062671618
3956	0.034621632
3957	-0.017351275
3958	0.030810721
3959	0.111344267
3960	0.097357582
3961	-0.066074178
3962	-0.095917665
3963	0.114920972
3964	0.079171742
3965	0.072234763
